-6.28239 -66.9053 5.10572 
-5.59623 -46.6935 0.614976 
-18.7847 -40.3525 -2.54673 
-40.9711 -33.2994 -18.9544 
-35.7942 -47.0481 -25.4501 
7.87421 -42.3025 4.48101 
24.4602 -20.028 11.3132 
42.5299 -9.41655 -2.78257 
-11.0196 -0.0835278 -2.57603 
-15.0854 41.2967 10.3785 
-19.3766 73.3682 30.1711 
10.3756 -1.39856 3.45195 
41.9378 12.4612 -10.6832 
35.1076 37.2924 10.016 
0 0 0 
-5.68439 -20.9938 2.53616 
-3.90868 -54.0699 -2.83003 
-36.5403 -54.2544 -18.5556 
50.1637 -7.57531 -7.08615 
-22.1957 82.326 26.6925 
46.7744 47.5919 15.184 
