5.76398 -57.1067 -19.8075 
2.96975 -40.3833 -17.5296 
12.83 -35.6896 -17.1726 
20.6573 -55.8428 -21.7173 
11.835 -51.3719 -40.4942 
13.0056 -37.0148 -16.1168 
11.9869 -57.8052 -37.1555 
0.831064 -45.6709 -42.1754 
1.32375 0.189549 -0.670442 
5.98062 47.0442 0.0938593 
-6.2494 78.3892 4.27685 
-5.14771 -0.4218 1.86075 
4.10164 45.9238 16.7116 
-2.02539 75.3927 28.9064 
0 0 0 
2.79373 -17.2511 -11.6549 
4.37529 -48.0963 -18.6953 
4.60507 -48.7056 -43.073 
3.48096 -50.3083 -46.3065 
3.36871 84.8617 4.48358 
13.2225 78.3506 35.6563 
