-0.300699 -63.1708 -13.3638 
0.750013 -45.3451 -9.76473 
-11.594 -42.8997 -16.1729 
-25.4801 -51.0587 -40.3461 
-20.1228 -66.6893 -53.8552 
12.4681 -42.6476 -0.978863 
27.7619 -21.9726 6.49398 
44.8554 -8.7845 -4.22936 
-11.2128 -0.63761 -2.14215 
-15.7226 45.4504 3.57694 
-17.1633 79.0944 24.9613 
10.8861 0.156338 3.18524 
26.9285 40.2717 2.76843 
36.3618 74.7728 28.6428 
0 0 0 
-0.563223 -22.0582 -3.80726 
1.59545 -51.5891 -15.7096 
-16.0436 -70.5543 -58.967 
50.4343 -6.58309 -3.0157 
-15.2537 86.4416 15.2494 
41.0992 81.7346 23.0457 
