-5.59968 -67.3588 -12.2379 
-2.67917 -46.9714 -9.9987 
11.1849 -44.0745 -13.7406 
28.8175 -58.1192 -8.09981 
8.2604 -62.7387 -21.8884 
-11.9278 -42.4661 -4.6704 
-32.1767 -25.6841 15.0918 
-10.0338 -22.8279 19.6196 
6.16699 1.37576 -9.2815 
9.98218 46.9872 3.32169 
-4.58312 81.2218 8.84971 
-6.68718 -1.78251 9.78212 
-0.834256 42.6232 23.3492 
-11.3106 76.3557 29.643 
0 0 0 
0.650175 -21.2282 -6.87198 
-2.53773 -56.721 -6.28155 
0.925612 -65.5243 -27.2142 
-4.36392 -27.4023 25.0995 
5.63276 86.8409 7.68849 
1.35847 83.7473 31.6356 
