pose_0 -0.300699 -63.1708 -13.3638 
pose_0 0.750014 -45.3451 -9.76473 
pose_0 -11.594 -42.8997 -16.1729 
pose_0 -25.4801 -51.0587 -40.3461 
pose_0 -20.1228 -66.6893 -53.8552 
pose_0 12.4681 -42.6476 -0.978863 
pose_0 27.7619 -21.9726 6.49398 
pose_0 44.8554 -8.7845 -4.22936 
pose_0 -11.2128 -0.63761 -2.14215 
pose_0 -15.7226 45.4504 3.57694 
pose_0 -17.1633 79.0944 24.9613 
pose_0 10.8861 0.156338 3.18524 
pose_0 26.9285 40.2717 2.76843 
pose_0 36.3618 74.7728 28.6428 
pose_0 0 0 0 
pose_0 -0.563223 -22.0582 -3.80726 
pose_0 1.59545 -51.5891 -15.7096 
pose_0 -16.0436 -70.5543 -58.967 
pose_0 50.4343 -6.58309 -3.0157 
pose_0 -15.2537 86.4416 15.2494 
pose_0 41.0992 81.7346 23.0457 

pose_1 -6.28239 -66.9053 5.10572 
pose_1 -5.59623 -46.6935 0.614976 
pose_1 -18.7847 -40.3525 -2.54673 
pose_1 -40.9711 -33.2994 -18.9545 
pose_1 -35.7942 -47.0481 -25.4501 
pose_1 7.87421 -42.3025 4.48101 
pose_1 24.4602 -20.028 11.3132 
pose_1 42.5299 -9.41655 -2.78257 
pose_1 -11.0196 -0.0835279 -2.57603 
pose_1 -15.0854 41.2967 10.3785 
pose_1 -19.3766 73.3682 30.1711 
pose_1 10.3756 -1.39856 3.45195 
pose_1 41.9378 12.4612 -10.6832 
pose_1 35.1076 37.2924 10.016 
pose_1 0 0 0 
pose_1 -5.68439 -20.9938 2.53616 
pose_1 -3.90868 -54.0699 -2.83003 
pose_1 -36.5403 -54.2544 -18.5556 
pose_1 50.1637 -7.57531 -7.08615 
pose_1 -22.1957 82.326 26.6925 
pose_1 46.7744 47.5919 15.184 

POSE_END

avgDiffs 139.849
AVGDIFFS_END

floorLevels 9
FLOORLEVELS_END

