pose_0 2.5835 -66.3986 -4.91311 
pose_0 -0.0350026 -46.3649 -5.64472 
pose_0 12.45 -41.7394 -3.14434 
pose_0 30.0271 -21.9847 0.405696 
pose_0 15.9857 -10.9777 6.63038 
pose_0 -12.5073 -43.6396 -3.98785 
pose_0 -28.7483 -23.7451 3.94416 
pose_0 -13.1239 -10.3673 3.3133 
pose_0 11.8512 -0.722253 0.00451415 
pose_0 -2.22691 40.0652 20.4021 
pose_0 -3.10229 73.4307 41.4825 
pose_0 -11.4865 -0.584911 1.59752 
pose_0 8.17995 41.2072 20.4931 
pose_0 2.29891 79.67 34.891 
pose_0 0 0 0 
pose_0 -0.0417023 -22.7604 -2.36785 
pose_0 0.604843 -54.0371 -0.620478 
pose_0 6.90037 -12.8212 6.7301 
pose_0 -11.1751 -10.913 8.26175 
pose_0 -3.45365 79.8823 38.7191 
pose_0 0.0173669 80.542 42.8597 

pose_1 -5.49882 -64.4915 -14.7765 
pose_1 -6.66469 -42.8668 -15.1966 
pose_1 5.50963 -40.9706 -13.9362 
pose_1 25.8593 -24.3033 -8.06642 
pose_1 18.1412 -7.37039 -9.72974 
pose_1 -16.3599 -38.9499 -14.1405 
pose_1 -26.7301 -19.8919 -7.22165 
pose_1 -17.4921 -7.87632 -2.2312 
pose_1 7.48986 -0.168391 -0.444745 
pose_1 4.61731 46.2611 10.3958 
pose_1 2.03858 81.7293 23.8828 
pose_1 -8.32051 0.743605 0.633066 
pose_1 -7.70623 45.4493 17.7613 
pose_1 -3.40919 83.7276 24.8597 
pose_1 0 0 0 
pose_1 -1.16241 -19.0276 -8.03948 
pose_1 -5.22724 -50.9012 -15.5276 
pose_1 10.6801 -13.1436 -8.04671 
pose_1 -17.0462 -8.56277 2.80989 
pose_1 5.78125 83.8317 35.9075 
pose_1 1.39267 83.9242 36.4207 

POSE_END

avgDiffs -72.8798
AVGDIFFS_END

floorLevels 4
FLOORLEVELS_END

