pose_0 4.6288 -64.3721 -12.1987 
pose_0 0.102525 -44.7022 -11.1587 
pose_0 11.1151 -40.5525 -9.9227 
pose_0 31.4868 -26.9409 1.87924 
pose_0 12.7385 -16.0806 11.3225 
pose_0 -11.6809 -44.2391 -9.42491 
pose_0 -28.6702 -24.0867 -5.5089 
pose_0 -13.7684 -8.363 -8.86851 
pose_0 8.48637 -1.84654 6.44354 
pose_0 -23.7661 33.2686 21.1923 
pose_0 -19.411 70.8283 25.5425 
pose_0 -9.52478 1.16344 -4.57195 
pose_0 12.1737 44.5766 15.9178 
pose_0 22.473 75.5601 31.5146 
pose_0 0 0 0 
pose_0 -1.1214 -22.2494 -6.44197 
pose_0 1.52326 -51.4134 -7.10766 
pose_0 1.41356 -17.2226 7.73307 
pose_0 -10.6228 -7.88196 -8.1202 
pose_0 -21.6887 79.7125 12.7034 
pose_0 24.4768 84.2389 15.1855 

pose_1 38.974 -23.7142 -2.55652 
pose_1 27.6054 -12.6413 9.15913 
pose_1 7.96122 -29.6805 -16.6028 
pose_1 10.3935 -1.94075 -3.33713 
pose_1 -4.67201 7.76039 14.2982 
pose_1 27.8272 -4.83158 -0.112811 
pose_1 4.90795 14.2587 -29.4567 
pose_1 36.7066 -27.1172 -24.5794 
pose_1 3.36247 -2.0245 5.57948 
pose_1 6.04053 36.045 18.8345 
pose_1 35.9114 -12.0411 -52.5639 
pose_1 -5.53821 4.06958 -5.09677 
pose_1 5.70539 33.1705 5.65661 
pose_1 33.2814 62.5886 5.49327 
pose_1 0 0 0 
pose_1 3.17318 -13.3814 -12.8642 
pose_1 31.555 -14.2805 13.3941 
pose_1 42.4588 -24.9314 -50.3979 
pose_1 37.254 -33.2759 -26.1966 
pose_1 41.088 -33.7819 -62.6745 
pose_1 34.7017 70.7183 8.56137 

POSE_END

avgDiffs -71.4421
AVGDIFFS_END

floorLevels 3
FLOORLEVELS_END

