pose_0 4.90341 -65.6494 -9.40513 
pose_0 2.09633 -46.2285 -7.42616 
pose_0 14.3991 -43.5856 -6.3247 
pose_0 29.1104 -21.7629 -8.53104 
pose_0 16.1296 -8.20728 -13.6243 
pose_0 -10.5377 -45.0312 -3.95533 
pose_0 -27.1703 -29.2526 8.07556 
pose_0 -11.7287 -13.7145 6.12899 
pose_0 7.98433 0.946037 -5.26174 
pose_0 32.8858 20.1405 11.4586 
pose_0 14.7381 45.462 1.04111 
pose_0 -8.80121 -1.28666 5.90844 
pose_0 -0.799127 38.0329 27.8239 
pose_0 -0.389585 68.2561 32.5036 
pose_0 0 0 0 
pose_0 1.87123 -22.0113 -2.93619 
pose_0 2.75059 -54.1791 -6.06032 
pose_0 11.7772 -5.70283 -17.0358 
pose_0 -5.84039 -11.2691 3.3093 
pose_0 17.3821 59.9512 15.6467 
pose_0 1.59238 70.2234 44.0808 

pose_1 38.7328 -17.9518 15.009 
pose_1 28.1558 -1.86191 4.60042 
pose_1 6.69982 -32.4679 -12.8036 
pose_1 31.1871 -14.6623 -38.5661 
pose_1 33.3008 -25.619 -43.9056 
pose_1 28.6396 -11.2091 -1.81255 
pose_1 5.1623 9.5275 -32.0288 
pose_1 -11.692 9.0676 -7.65624 
pose_1 4.02648 -1.61011 5.80957 
pose_1 6.37189 35.7607 19.4204 
pose_1 27.7142 -17.7547 -55.8558 
pose_1 -6.08465 3.48146 -4.44947 
pose_1 -10.5003 36.3773 8.37747 
pose_1 32.7367 -18.3699 -48.5426 
pose_1 0 0 0 
pose_1 3.96178 -12.8535 -11.5665 
pose_1 37.2806 -17.4137 -2.09534 
pose_1 41.6922 -23.2748 -48.6286 
pose_1 37.6115 -35.3775 -17.4807 
pose_1 36.9527 -30.978 -71.2559 
pose_1 36.8417 -29.0451 -72.4423 

POSE_END

avgDiffs -74.8071
AVGDIFFS_END

floorLevels 13
FLOORLEVELS_END

