pose_0 24.9391 -22.0663 20.8249 
pose_0 12.7735 -8.64039 9.86013 
pose_0 12.1688 -5.69973 10.406 
pose_0 -10.1015 4.27112 -2.64323 
pose_0 7.41401 -32.3519 -16.5185 
pose_0 13.0138 -13.9029 10.5883 
pose_0 -9.10614 9.53863 -28.8759 
pose_0 6.06947 -31.6629 -9.06696 
pose_0 -0.307945 -1.53197 4.43386 
pose_0 -6.37656 38.8517 10.2673 
pose_0 4.70624 -32.9094 -52.2128 
pose_0 5.50822 -1.8438 0.347872 
pose_0 -9.60454 34.0018 4.58082 
pose_0 6.66496 -35.3129 -46.4583 
pose_0 0 0 0 
pose_0 0.751008 -14.1938 -11.6024 
pose_0 14.4349 -7.96173 11.7429 
pose_0 7.17765 -33.3896 -18.018 
pose_0 6.61107 -33.5492 -8.68349 
pose_0 8.41697 -44.7645 -58.0314 
pose_0 9.50859 -43.1952 -56.2435 

pose_1 -2.26186 -62.7633 -14.8376 
pose_1 -5.79849 -42.7346 -13.7198 
pose_1 10.6301 -39.2037 -13.5479 
pose_1 27.8104 -23.1454 -4.67365 
pose_1 17.6164 -8.44409 5.23681 
pose_1 -17.1716 -37.5887 -9.50268 
pose_1 -27.4814 -19.5161 1.22176 
pose_1 -18.9236 -8.21892 12.3226 
pose_1 10.3527 0.288587 -4.25969 
pose_1 9.04735 44.3526 11.4474 
pose_1 -10.362 59.2517 23.9953 
pose_1 -9.69721 -1.12908 4.41895 
pose_1 -0.551042 40.8863 26.5414 
pose_1 -8.49059 61.8734 39.5617 
pose_1 0 0 0 
pose_1 0.0573484 -19.5263 -9.23729 
pose_1 -4.13813 -51.1531 -10.6034 
pose_1 16.2303 -12.6697 14.469 
pose_1 -17.924 -8.56261 19.0669 
pose_1 -0.656367 78.347 24.9717 
pose_1 0.524861 76.5153 33.2009 

POSE_END

avgDiffs -73.3136
AVGDIFFS_END

floorLevels 412
FLOORLEVELS_END

