pose_0 -1.62667 -67.07 -2.17047 
pose_0 0.539704 -45.3585 -7.75494 
pose_0 9.72276 -41.8626 -4.65313 
pose_0 20.9424 -15.9682 4.56667 
pose_0 2.75345 -15.7833 13.6184 
pose_0 -8.09416 -40.4361 -10.3764 
pose_0 -25.9305 -14.9168 -7.60302 
pose_0 -19.0164 -11.1835 9.34895 
pose_0 9.58716 -1.63241 3.71166 
pose_0 14.5085 23.2507 37.9559 
pose_0 0.4574 74.262 36.9378 
pose_0 -9.4719 -0.250486 -2.70659 
pose_0 -2.05213 41.9221 26.0962 
pose_0 2.39889 81.397 32.4776 
pose_0 0 0 0 
pose_0 0.507468 -22.2502 -4.863 
pose_0 -1.57593 -52.685 -5.33778 
pose_0 -7.91273 -11.7114 17.6316 
pose_0 -23.5714 -7.93749 15.9145 
pose_0 1.6401 83.1657 32.9571 
pose_0 3.60794 83.2791 41.58 

pose_1 18.4984 -30.0715 18.9478 
pose_1 19.1858 -8.63261 10.4585 
pose_1 25.8294 -16.2343 10.1461 
pose_1 21.0993 -26.6372 -22.3373 
pose_1 16.4697 -35.6556 -20.3602 
pose_1 11.698 -20.8124 3.41434 
pose_1 3.7121 0.0303533 -32.7621 
pose_1 -9.55006 12.7405 -8.17486 
pose_1 -0.529509 -0.67853 5.2589 
pose_1 -1.64079 36.1794 16.7971 
pose_1 19.3248 -24.9589 -36.1052 
pose_1 -3.72351 3.49218 -4.98524 
pose_1 -8.5723 36.7514 4.87608 
pose_1 21.9565 70.0177 15.9627 
pose_1 0 0 0 
pose_1 1.283 -13.6544 -12.2924 
pose_1 14.7543 -25.6155 14.5116 
pose_1 25.3766 -29.9726 -20.0281 
pose_1 14.6469 -35.061 -15.4807 
pose_1 19.6667 -46.586 -38.4535 
pose_1 23.2772 74.01 20.0398 

POSE_END

avgDiffs 71.3832
AVGDIFFS_END

floorLevels 136
FLOORLEVELS_END

