pose_0 2.0324 -66.3453 -4.45824 
pose_0 0.0930818 -46.4794 -5.52214 
pose_0 12.5514 -41.9623 -2.23984 
pose_0 29.6317 -22.252 2.5735 
pose_0 16.0134 -11.7146 9.01306 
pose_0 -12.4257 -43.8175 -4.32811 
pose_0 -28.7974 -23.7635 2.50551 
pose_0 -13.1978 -10.3561 2.31686 
pose_0 12.0143 -0.886824 0.471282 
pose_0 -1.81092 40.0647 20.3098 
pose_0 -1.72894 73.4127 40.1102 
pose_0 -11.729 -0.643576 1.43891 
pose_0 8.53501 41.2362 21.0923 
pose_0 0.913009 79.4892 35.1014 
pose_0 0 0 0 
pose_0 -0.0874259 -23.0343 -2.63586 
pose_0 0.588958 -54.2389 -0.44666 
pose_0 3.76919 -13.3975 8.76663 
pose_0 -11.3071 -11.0179 7.2811 
pose_0 -2.86213 78.8645 40.6163 
pose_0 -1.35951 79.5857 44.1829 

pose_1 -5.33178 -64.2452 -15.9586 
pose_1 -6.80028 -42.7845 -15.6309 
pose_1 5.57586 -41.1453 -14.9541 
pose_1 25.7113 -24.8822 -7.55319 
pose_1 18.2686 -7.55435 -9.38043 
pose_1 -16.923 -38.6192 -14.5839 
pose_1 -27.3412 -19.9984 -7.68332 
pose_1 -17.7906 -7.91886 -2.44386 
pose_1 7.79916 -0.177701 -0.271462 
pose_1 4.36266 46.2952 10.1866 
pose_1 2.1098 81.2716 24.8469 
pose_1 -8.26735 0.585566 0.915829 
pose_1 -7.70798 45.3904 17.6577 
pose_1 -3.19133 83.1852 25.7034 
pose_1 0 0 0 
pose_1 -1.09662 -19.3584 -8.17702 
pose_1 -5.38636 -51.1779 -16.1053 
pose_1 10.4706 -13.4495 -7.83909 
pose_1 -17.4134 -8.41539 2.6172 
pose_1 6.06139 83.2264 37.2633 
pose_1 1.59848 83.2405 37.4595 

POSE_END

avgDiffs -72.8838
AVGDIFFS_END

floorLevels 2
FLOORLEVELS_END

