pose_0 -3.66863 -65.1912 -10.4104 
pose_0 -2.40038 -45.0955 -10.6403 
pose_0 11.2959 -41.0452 -12.229 
pose_0 29.4969 -22.9777 -9.28527 
pose_0 16.1473 -10.0368 -4.04945 
pose_0 -14.0148 -42.058 -7.58987 
pose_0 -29.8488 -23.4745 5.92361 
pose_0 -11.9191 -11.3512 10.3888 
pose_0 11.2682 -0.438825 -2.67907 
pose_0 32.0031 25.3078 17.978 
pose_0 -14.2828 72.6254 33.4934 
pose_0 -11.0536 -1.44533 4.42543 
pose_0 -7.82578 40.563 27.2481 
pose_0 31.1863 66.4021 23.2016 
pose_0 0 0 0 
pose_0 -1.07365 -21.5986 -5.78755 
pose_0 -2.29341 -52.5017 -6.53374 
pose_0 12.9314 -7.94868 -1.73093 
pose_0 -10.1458 -12.6693 18.2715 
pose_0 -15.4379 79.1296 31.9129 
pose_0 -13.5015 78.7243 37.9073 

pose_1 44.6959 -17.1001 -2.12547 
pose_1 33.4533 -15.6305 1.82837 
pose_1 7.44933 -30.7223 -16.5706 
pose_1 38.1514 -12.3786 -39.1943 
pose_1 45.2383 16.7857 -23.053 
pose_1 33.3085 -11.1157 -2.48162 
pose_1 7.37316 10.1016 -32.7705 
pose_1 -11.5102 10.1636 -9.46969 
pose_1 4.60279 -1.69812 5.74521 
pose_1 5.94037 35.012 19.4838 
pose_1 41.9259 -19.674 -43.8937 
pose_1 -5.80147 3.74597 -4.5462 
pose_1 -3.34489 35.3584 5.6008 
pose_1 43.4458 -17.4435 -42.8036 
pose_1 0 0 0 
pose_1 3.89534 -13.0169 -11.9591 
pose_1 38.0519 -18.7605 3.20219 
pose_1 43.1602 27.8052 -14.7671 
pose_1 43.0244 -36.217 -8.74071 
pose_1 49.0154 -26.8513 -55.5056 
pose_1 48.5603 -24.7415 -51.097 

POSE_END

avgDiffs -71.4051
AVGDIFFS_END

floorLevels 9
FLOORLEVELS_END

