pose_0 2.7268 -66.4587 -5.14528 
pose_0 0.358114 -46.4501 -5.68609 
pose_0 12.6923 -41.7919 -2.87205 
pose_0 30.5528 -22.2244 0.715766 
pose_0 16.3957 -11.1654 7.64509 
pose_0 -12.1592 -43.8945 -4.14537 
pose_0 -28.3727 -23.7924 3.42395 
pose_0 -12.8314 -10.5494 3.68667 
pose_0 11.8899 -0.741163 0.0458195 
pose_0 -2.14926 41.3975 19.6612 
pose_0 -2.81114 72.9155 42.5111 
pose_0 -11.3605 -0.735331 1.79228 
pose_0 7.85919 42.2098 20.893 
pose_0 2.66017 79.1156 35.4787 
pose_0 0 0 0 
pose_0 0.0307018 -22.8688 -2.47145 
pose_0 0.8705 -54.1372 -0.830256 
pose_0 7.11901 -12.9932 7.87223 
pose_0 -10.9264 -11.1317 9.04002 
pose_0 -3.47379 79.2673 39.3065 
pose_0 0.350829 79.951 42.5532 

pose_1 -3.76289 -64.6533 -12.5748 
pose_1 -6.4987 -42.826 -13.4986 
pose_1 5.10052 -41.0702 -13.4867 
pose_1 25.908 -24.8919 -7.6886 
pose_1 18.1957 -8.18255 -8.94342 
pose_1 -16.493 -39.2823 -13.1452 
pose_1 -25.1216 -16.0824 -9.70894 
pose_1 -18.1373 -8.03254 -0.42983 
pose_1 7.68531 -0.31555 -0.767107 
pose_1 3.95272 46.2982 8.55227 
pose_1 2.89452 82.3839 23.2164 
pose_1 -8.25957 0.380389 1.58193 
pose_1 -6.76647 45.0188 17.8995 
pose_1 -3.77607 83.2272 27.1321 
pose_1 0 0 0 
pose_1 -0.812202 -19.6156 -7.3116 
pose_1 -5.51929 -50.9597 -13.5079 
pose_1 10.4187 -13.5952 -6.63309 
pose_1 -17.8506 -8.51994 4.77781 
pose_1 5.72656 82.8025 38.1782 
pose_1 0.914646 82.6125 40.1631 

POSE_END

avgDiffs -73.8216
AVGDIFFS_END

floorLevels 3
FLOORLEVELS_END

