pose_0 0.932598 -67.0747 -4.44219 
pose_0 0.0339752 -46.566 -5.17308 
pose_0 12.3886 -42.0436 -2.36062 
pose_0 29.8471 -22.2671 0.85204 
pose_0 16.3798 -11.3564 7.78797 
pose_0 -12.5367 -43.8664 -3.63938 
pose_0 -28.5519 -23.5739 2.37391 
pose_0 -13.4549 -10.7456 2.83553 
pose_0 11.9558 -0.656972 -0.120393 
pose_0 -2.33267 40.42 19.576 
pose_0 -2.65942 73.7754 39.8693 
pose_0 -11.4652 -0.603617 1.81072 
pose_0 8.06324 41.6572 19.7799 
pose_0 2.35559 79.6944 34.6148 
pose_0 0 0 0 
pose_0 0.0207825 -22.857 -2.05089 
pose_0 0.590145 -54.4832 -0.299292 
pose_0 7.00874 -12.5259 7.37574 
pose_0 -11.5583 -11.137 7.57958 
pose_0 -3.47977 79.6863 38.7441 
pose_0 -0.248478 80.4575 42.8812 

pose_1 -3.55922 -64.5037 -11.8799 
pose_1 -7.08613 -42.7912 -12.7948 
pose_1 6.70514 -40.9309 -13.8208 
pose_1 25.8816 -25.1323 -5.89902 
pose_1 18.012 -8.68378 -7.97967 
pose_1 -17.0439 -39.2986 -12.1729 
pose_1 -25.6159 -16.6508 -7.27205 
pose_1 -18.2651 -8.27047 0.750774 
pose_1 7.92297 -0.389746 -0.684848 
pose_1 4.03528 46.0951 8.97056 
pose_1 1.68372 81.5581 25.2998 
pose_1 -8.53414 0.270624 1.884 
pose_1 -6.47645 44.9007 17.7885 
pose_1 -3.60273 82.4719 27.8659 
pose_1 0 0 0 
pose_1 -0.744549 -19.7075 -7.211 
pose_1 -5.66706 -51.0881 -13.4043 
pose_1 10.0454 -14.0452 -6.0977 
pose_1 -17.8948 -8.64946 5.74957 
pose_1 5.82388 82.2808 38.9395 
pose_1 1.16312 82.0798 40.4989 

POSE_END

avgDiffs -73.8325
AVGDIFFS_END

floorLevels 2
FLOORLEVELS_END

