pose_0 5.38911 -66.3831 -5.6824 
pose_0 0.792528 -46.7877 -6.47561 
pose_0 13.5763 -42.6953 -4.32174 
pose_0 29.7398 -23.1451 -1.0162 
pose_0 14.4917 -11.7032 4.40286 
pose_0 -12.1894 -43.9096 -3.30634 
pose_0 -27.7551 -25.1077 5.67695 
pose_0 -13.6598 -11.4999 4.17663 
pose_0 11.1671 -0.238642 -0.287778 
pose_0 -3.45466 40.9659 19.7345 
pose_0 -0.0496433 75.4501 36.3068 
pose_0 -11.1269 -0.568571 2.99528 
pose_0 11.3022 41.9671 17.7465 
pose_0 6.80854 75.0776 36.7926 
pose_0 0 0 0 
pose_0 -0.0131043 -22.6592 -2.65715 
pose_0 1.96366 -54.856 -3.70666 
pose_0 8.75008 -12.6412 4.30795 
pose_0 -11.7953 -11.5255 8.01339 
pose_0 -2.06187 82.1888 33.7864 
pose_0 3.62349 83.2336 35.3614 

pose_1 -5.38147 -63.4538 -17.1077 
pose_1 -7.27731 -42.1728 -16.7013 
pose_1 4.84131 -40.1137 -15.7599 
pose_1 25.7383 -24.123 -9.56323 
pose_1 17.6307 -7.57835 -8.88799 
pose_1 -16.5514 -38.0971 -14.6897 
pose_1 -24.9127 -15.5161 -10.3487 
pose_1 -17.4683 -8.3416 -1.73338 
pose_1 7.40806 -0.257422 0.00105637 
pose_1 5.40447 46.2338 9.91548 
pose_1 3.73307 82.5157 23.2885 
pose_1 -8.16861 0.815414 0.160501 
pose_1 -5.5297 45.4714 16.2889 
pose_1 -3.26208 83.3244 26.1192 
pose_1 0 0 0 
pose_1 -1.38927 -18.8084 -8.65061 
pose_1 -5.79697 -50.5754 -17.1339 
pose_1 9.87685 -13.1599 -7.7248 
pose_1 -17.1841 -9.07524 3.28974 
pose_1 6.05783 83.0402 37.6438 
pose_1 1.13265 83.1827 38.2821 

POSE_END

avgDiffs -72.833
AVGDIFFS_END

floorLevels 2
FLOORLEVELS_END

