pose_0 0.639604 -64.9479 -7.54296 
pose_0 -0.713569 -46.1893 -8.49782 
pose_0 13.8792 -42.2875 -7.95391 
pose_0 31.3366 -22.6543 -5.23762 
pose_0 16.3891 -8.29348 -5.9891 
pose_0 -13.3694 -42.3167 -6.90144 
pose_0 -28.915 -24.639 6.68805 
pose_0 -14.1243 -9.16111 0.341768 
pose_0 11.1826 -0.192997 -1.88819 
pose_0 15.8638 39.7876 22.6562 
pose_0 -0.73657 61.9234 32.0295 
pose_0 -11.017 -0.742467 4.30124 
pose_0 7.81736 38.9748 28.005 
pose_0 0.186668 60.9179 46.5005 
pose_0 0 0 0 
pose_0 -0.648727 -21.4509 -5.49352 
pose_0 -1.8917 -54.6951 -2.4969 
pose_0 10.3829 -13.0294 -1.16746 
pose_0 -9.29084 -8.92854 0.868631 
pose_0 0.0976115 76.1941 18.9979 
pose_0 3.00447 72.3519 44.021 

pose_1 -1.04484 -63.9345 -13.7923 
pose_1 -5.67635 -42.8363 -12.9813 
pose_1 10.3002 -39.6571 -13.1973 
pose_1 29.675 -21.6652 -4.05503 
pose_1 19.4202 -8.68052 5.83637 
pose_1 -16.4888 -39.3204 -8.7201 
pose_1 -27.5111 -17.473 0.0632747 
pose_1 -18.4352 -4.99842 10.5916 
pose_1 10.9265 -0.168269 -3.73592 
pose_1 6.51763 43.6609 12.5937 
pose_1 -12.0061 62.3289 22.1881 
pose_1 -9.86477 -0.909148 4.26388 
pose_1 0.106151 40.3767 26.419 
pose_1 -7.63398 65.1265 40.3678 
pose_1 0 0 0 
pose_1 -0.814573 -19.5027 -9.61882 
pose_1 -3.8643 -50.7076 -7.94194 
pose_1 19.2836 -6.61461 11.7422 
pose_1 -14.6207 -3.85922 17.192 
pose_1 -9.23522 72.4857 28.8832 
pose_1 0.655679 74.1452 39.3028 

POSE_END

avgDiffs -72.8982
AVGDIFFS_END

floorLevels 0
FLOORLEVELS_END

