pose_0 39.3117 -15.8925 -3.04692 
pose_0 -3.6185 -37.2399 -10.4858 
pose_0 -4.49223 -32.1867 -10.224 
pose_0 10.0024 -6.76633 -0.429625 
pose_0 -4.47094 7.40171 15.8353 
pose_0 -4.46576 -32.018 -9.92092 
pose_0 6.5938 9.63645 -33.1171 
pose_0 28.3492 -0.352097 -30.109 
pose_0 -0.363771 -2.01317 6.59254 
pose_0 8.13603 35.6096 19.5423 
pose_0 31.0181 -10.7875 -61.1234 
pose_0 -6.10289 3.39833 -4.27684 
pose_0 -9.93139 36.1522 8.37482 
pose_0 36.4224 -16.4824 -58.9925 
pose_0 0 0 0 
pose_0 2.48562 -13.4922 -12.5361 
pose_0 35.4366 -16.1832 -1.80071 
pose_0 -21.8629 16.2576 18.9429 
pose_0 39.2043 -32.1384 -16.4278 
pose_0 39.8202 -31.9262 -74.1944 
pose_0 37.809 -28.5444 -71.4564 

pose_1 26.6931 -15.8377 19.7736 
pose_1 16.3137 -6.09215 13.6047 
pose_1 4.32704 -35.228 -9.07556 
pose_1 5.29147 -7.88168 -11.1215 
pose_1 19.3409 -30.7989 -25.4453 
pose_1 14.9178 -16.2781 6.52538 
pose_1 23.5118 -32.7184 -3.53488 
pose_1 -11.8622 10.7541 -0.599658 
pose_1 -0.0887946 -0.481586 4.06739 
pose_1 -4.84834 40.3512 11.0097 
pose_1 13.0561 -10.2814 -33.9617 
pose_1 -4.00949 3.67221 -4.4302 
pose_1 -7.27257 36.7524 3.32323 
pose_1 20.7833 -25.284 -29.6329 
pose_1 0 0 0 
pose_1 -0.680797 -17.8076 -11.4869 
pose_1 16.2356 -5.03746 15.1328 
pose_1 24.95 -30.4494 -22.9689 
pose_1 18.4696 -33.3328 -12.7703 
pose_1 18.3707 -43.11 -47.5421 
pose_1 17.5556 74.7511 7.30808 

POSE_END

avgDiffs 72.8521
AVGDIFFS_END

floorLevels 60
FLOORLEVELS_END

