pose_0 13.4625 -58.8655 -16.6186 
pose_0 5.73724 -44.1054 -9.00716 
pose_0 -3.9989 -40.6535 -14.9369 
pose_0 -17.6854 -18.5668 -15.9331 
pose_0 -22.4522 1.62035 -23.1942 
pose_0 13.3328 -41.7048 -0.6386 
pose_0 17.6965 -21.1066 14.5882 
pose_0 14.6772 -37.1782 -5.14051 
pose_0 -8.70637 0.0522005 -6.65492 
pose_0 9.20631 44.7773 -3.35866 
pose_0 -17.3768 62.3531 10.9428 
pose_0 8.72854 -0.612741 5.83336 
pose_0 8.4517 42.6072 17.253 
pose_0 -18.6781 63.5573 26.1343 
pose_0 0 0 0 
pose_0 0.25206 -22.5002 -1.597 
pose_0 9.31933 -48.0517 -13.984 
pose_0 -24.8491 9.57087 -27.6142 
pose_0 17.0188 -43.6167 -13.5733 
pose_0 -4.32108 83.656 17.7606 
pose_0 -5.37298 85.0387 16.3133 

pose_1 50.0648 -19.9231 14.0475 
pose_1 30.3617 8.83766 7.38496 
pose_1 4.9648 -35.3125 -9.86437 
pose_1 9.42733 -7.44958 -10.0192 
pose_1 44.0427 -19.7689 -23.6519 
pose_1 34.8182 -14.7064 1.21642 
pose_1 8.28614 1.02474 -33.619 
pose_1 36.3889 20.5134 -13.928 
pose_1 1.89476 -1.52958 4.66018 
pose_1 8.31342 32.7516 20.5946 
pose_1 -3.31149 57.873 32.0653 
pose_1 -4.54739 3.66963 -4.38128 
pose_1 -8.26841 34.1213 9.34836 
pose_1 31.5102 58.1412 2.21006 
pose_1 0 0 0 
pose_1 0.0848036 -17.1133 -12.4483 
pose_1 33.8543 15.3444 5.01112 
pose_1 50.3997 -24.3078 -27.7819 
pose_1 49.7429 -27.4728 -4.36222 
pose_1 49.837 -24.2427 -18.2814 
pose_1 24.6571 66.182 0.899404 

POSE_END

avgDiffs 59.2322
AVGDIFFS_END

floorLevels 3
FLOORLEVELS_END

