pose_0 16.1045 -30.5623 29.7988 
pose_0 17.6276 -12.2271 15.5147 
pose_0 27.6462 -8.10792 7.09867 
pose_0 4.71609 -7.17489 -9.76436 
pose_0 16.0712 -36.3561 -10.137 
pose_0 20.3936 -11.2999 8.19045 
pose_0 3.73423 -0.620883 -32.4219 
pose_0 -8.91684 11.8922 -7.83318 
pose_0 -0.441061 -1.02406 5.21546 
pose_0 -2.1046 34.9703 18.4455 
pose_0 13.8206 -38.5103 -38.9052 
pose_0 -3.53057 3.32298 -4.94356 
pose_0 -8.55589 36.0553 6.42496 
pose_0 20.723 71.0072 17.2059 
pose_0 0 0 0 
pose_0 1.08532 -13.8997 -12.3741 
pose_0 17.2159 -12.5651 19.4202 
pose_0 22.2044 -33.2814 -13.0203 
pose_0 22.6979 -38.9314 8.68217 
pose_0 16.4094 -48.5204 -49.7396 
pose_0 22.465 74.7631 20.4962 

pose_1 43.4468 -16.0173 6.20741 
pose_1 36.2206 -15.0339 7.86072 
pose_1 -4.99449 -33.2382 -9.79538 
pose_1 12.9066 -8.3989 -1.43934 
pose_1 -4.27136 7.80951 14.8019 
pose_1 -4.95508 -32.8085 -10.6022 
pose_1 5.715 8.89045 -33.3476 
pose_1 -11.5213 11.3963 -8.2482 
pose_1 4.56642 -1.86482 6.30358 
pose_1 8.18814 38.6105 17.4911 
pose_1 41.2585 -21.5323 -53.0213 
pose_1 -6.07775 3.60464 -4.46978 
pose_1 -10.2453 35.6395 8.45607 
pose_1 43.787 -20.8177 -47.0937 
pose_1 0 0 0 
pose_1 3.16802 -13.011 -12.3362 
pose_1 39.8683 -18.6408 12.6182 
pose_1 48.3428 -23.393 -39.7759 
pose_1 42.0561 -39.9757 -8.71684 
pose_1 42.7951 -41.5275 -51.0966 
pose_1 43.6621 -31.5154 -55.0525 

POSE_END

avgDiffs -70.9345
AVGDIFFS_END

floorLevels 60
FLOORLEVELS_END

