pose_0 1.01897 -66.9535 -4.94992 
pose_0 0.0886424 -46.4003 -5.89171 
pose_0 12.4091 -41.888 -3.22501 
pose_0 29.876 -22.16 -0.251776 
pose_0 16.2803 -11.263 6.92199 
pose_0 -12.4313 -43.7979 -4.12883 
pose_0 -27.562 -24.247 2.68051 
pose_0 -13.3907 -10.7268 2.82728 
pose_0 11.9341 -0.649005 -0.168718 
pose_0 -2.17772 40.3243 19.9025 
pose_0 -2.71313 73.6274 40.4032 
pose_0 -11.4414 -0.581796 1.88525 
pose_0 8.11404 41.4942 20.1141 
pose_0 2.34803 79.5926 34.7718 
pose_0 0 0 0 
pose_0 -0.00105595 -22.7769 -2.389 
pose_0 0.72067 -54.3179 -1.02527 
pose_0 7.055 -12.5949 6.56711 
pose_0 -11.4386 -11.1855 7.65871 
pose_0 -3.53881 79.6166 38.6026 
pose_0 -0.181603 80.3803 42.8391 

pose_1 -4.31968 -63.9619 -15.042 
pose_1 -6.69819 -42.5314 -15.8231 
pose_1 5.39867 -40.9208 -14.3405 
pose_1 25.6786 -24.5514 -7.90271 
pose_1 18.1255 -7.6155 -10.5927 
pose_1 -16.4652 -38.9208 -14.415 
pose_1 -27.0414 -20.2103 -5.18659 
pose_1 -17.2119 -8.00256 -1.78801 
pose_1 7.52604 -0.246715 -0.0764812 
pose_1 4.57904 46.0731 10.6597 
pose_1 2.14901 81.2345 24.5746 
pose_1 -8.25218 0.632458 0.783729 
pose_1 -7.65841 45.4018 17.3702 
pose_1 -3.30726 83.1833 25.3762 
pose_1 0 0 0 
pose_1 -0.893044 -19.4591 -7.83835 
pose_1 -5.36692 -50.8771 -16.5109 
pose_1 10.3163 -13.5632 -9.94927 
pose_1 -16.6619 -8.51554 3.05178 
pose_1 5.90656 83.2774 36.8688 
pose_1 1.46541 83.3469 36.9227 

POSE_END

avgDiffs -73.831
AVGDIFFS_END

floorLevels 2
FLOORLEVELS_END

