pose_0 5.79713 -66.7516 7.24998 
pose_0 3.17683 -46.2604 1.73241 
pose_0 -10.1148 -42.3208 1.13151 
pose_0 -28.6574 -18.7611 -4.0155 
pose_0 -23.463 -3.94642 -22.6542 
pose_0 13.0311 -42.4198 0.112206 
pose_0 25.2768 -19.3408 9.09793 
pose_0 17.5369 -5.62263 -15.6498 
pose_0 -9.07307 -1.17068 1.68985 
pose_0 -8.55811 34.1427 32.1914 
pose_0 3.38963 62.1962 52.1064 
pose_0 9.64726 1.19508 -2.9814 
pose_0 -3.48072 41.2688 17.458 
pose_0 3.94805 67.2013 43.3894 
pose_0 0 0 0 
pose_0 0.636696 -23.2445 0.819478 
pose_0 1.6038 -52.3364 0.34423 
pose_0 -22.2008 3.94751 -29.7149 
pose_0 16.4805 -1.51065 -23.4051 
pose_0 -4.32861 72.3517 50.0886 
pose_0 -3.11615 77.0206 39.7999 

pose_1 52.5891 -12.6714 12.0375 
pose_1 -4.7841 -30.4985 -18.3894 
pose_1 8.02458 -29.4825 -16.9906 
pose_1 13.9142 -3.20649 -3.43092 
pose_1 56.6233 -20.6278 -12.2952 
pose_1 -5.05399 -32.0853 -12.7111 
pose_1 8.36664 10.1829 -30.1209 
pose_1 56.3056 -23.8246 4.04361 
pose_1 3.954 -2.33193 5.91859 
pose_1 6.06408 35.1707 19.6737 
pose_1 3.47383 56.2078 36.563 
pose_1 -5.04436 3.72765 -4.6637 
pose_1 4.12976 32.5457 7.42321 
pose_1 48.1543 48.0441 -13.0369 
pose_1 0 0 0 
pose_1 3.58369 -13.037 -13.3215 
pose_1 50.9839 -6.92729 1.76528 
pose_1 62.1168 -24.4495 -18.5226 
pose_1 57.6753 -22.0135 5.62486 
pose_1 64.0165 -28.2266 25.146 
pose_1 37.7979 63.0429 -10.4796 

POSE_END

avgDiffs -60.6339
AVGDIFFS_END

floorLevels 7
FLOORLEVELS_END

