pose_0 0.149318 -66.2973 -5.08415 
pose_0 0.299502 -46.1544 -5.82243 
pose_0 12.4867 -41.653 -2.90212 
pose_0 29.826 -22.4218 2.15 
pose_0 16.5171 -11.1111 9.4121 
pose_0 -12.2893 -43.7501 -4.09176 
pose_0 -29.0426 -23.4403 1.19031 
pose_0 -15.8688 -10.7867 3.74328 
pose_0 12.1824 -0.927396 0.807518 
pose_0 -1.43781 39.2111 21.8579 
pose_0 -2.10351 73.1148 40.7637 
pose_0 -11.7309 -0.5158 1.19388 
pose_0 8.87595 40.9268 21.9286 
pose_0 2.53912 79.7894 33.741 
pose_0 0 0 0 
pose_0 -0.0526986 -22.9495 -2.46248 
pose_0 -0.3417 -54.742 -1.75625 
pose_0 4.11612 -13.2159 10.0673 
pose_0 -11.3964 -10.6965 5.41773 
pose_0 -2.8103 79.3886 37.9472 
pose_0 1.18797 80.5078 40.8812 

pose_1 -4.12583 -63.5996 -15.3222 
pose_1 -6.97084 -42.6102 -14.9805 
pose_1 5.31185 -41.0078 -14.5232 
pose_1 25.4961 -24.9791 -6.40141 
pose_1 18.2394 -7.72393 -8.18444 
pose_1 -16.9386 -38.3852 -14.4074 
pose_1 -27.0042 -20.177 -7.87278 
pose_1 -17.4951 -7.98731 -2.40152 
pose_1 7.81933 -0.222747 -0.19272 
pose_1 4.47826 46.152 10.3655 
pose_1 2.15628 81.093 25.0779 
pose_1 -8.31103 0.629205 0.911544 
pose_1 -6.19146 44.8792 18.2907 
pose_1 -3.17605 82.9388 26.1795 
pose_1 0 0 0 
pose_1 -0.872759 -19.3204 -7.87779 
pose_1 -5.30174 -51.1271 -15.6922 
pose_1 10.4313 -13.3802 -6.19048 
pose_1 -17.1146 -8.51932 2.66043 
pose_1 6.12158 83.0462 37.4407 
pose_1 1.67673 83.0324 37.7291 

POSE_END

avgDiffs -72.879
AVGDIFFS_END

floorLevels 1
FLOORLEVELS_END

