pose_0 -1.0184 -67.6662 6.86857 
pose_0 -2.62523 -44.7448 2.74066 
pose_0 -6.49355 -40.0983 -7.50185 
pose_0 -12.9719 -13.8161 -14.3627 
pose_0 -16.8562 6.84344 -21.3465 
pose_0 0.351621 -42.5818 13.4661 
pose_0 3.95485 -16.3367 23.413 
pose_0 11.9801 2.77541 25.9675 
pose_0 -3.53877 0.842925 -7.76416 
pose_0 4.89967 45.6033 7.49636 
pose_0 -10.029 72.675 23.1889 
pose_0 4.99 -0.885322 7.00682 
pose_0 6.03269 42.5703 24.8492 
pose_0 -8.49423 73.5743 33.4357 
pose_0 0 0 0 
pose_0 -1.60693 -20.9874 2.68501 
pose_0 -1.36175 -53.0557 2.70786 
pose_0 -16.6852 15.9268 -20.4777 
pose_0 12.4064 11.3179 27.5613 
pose_0 -1.37899 83.5589 17.2141 
pose_0 3.18003 81.9198 30.4708 

pose_1 55.5901 8.93543 14.644 
pose_1 1.4594 -34.0319 -17.6388 
pose_1 8.09456 -29.0329 -16.049 
pose_1 9.4457 -7.14049 -2.2428 
pose_1 -7.4035 9.77474 15.6093 
pose_1 3.74095 -27.87 -19.4657 
pose_1 5.28265 10.3002 -31.5631 
pose_1 -11.7015 10.8752 -9.86045 
pose_1 4.91814 -2.07923 5.88838 
pose_1 7.30873 32.7432 23.1906 
pose_1 1.0201 53.7118 37.0552 
pose_1 -3.79949 4.43409 -4.73631 
pose_1 0.493904 33.7284 8.62094 
pose_1 56.7664 25.563 -24.7973 
pose_1 0 0 0 
pose_1 3.27664 -12.4694 -13.2893 
pose_1 47.4766 6.11235 7.02844 
pose_1 59.0155 -14.3683 -25.9761 
pose_1 58.0358 -16.6057 -10.7914 
pose_1 61.6667 -18.4354 -7.31474 
pose_1 -7.31176 71.5396 30.7848 

POSE_END

avgDiffs -57.2644
AVGDIFFS_END

floorLevels 364
FLOORLEVELS_END

