pose_0 1.87179 -66.6872 -3.78871 
pose_0 0.00532037 -46.5409 -4.82561 
pose_0 12.4502 -41.9813 -1.73594 
pose_0 29.4119 -22.0685 2.52814 
pose_0 15.8571 -11.2007 8.59704 
pose_0 -12.4324 -43.8246 -3.77926 
pose_0 -28.8349 -24.0739 2.99828 
pose_0 -13.1186 -10.5881 1.83954 
pose_0 11.9926 -0.811536 0.0666069 
pose_0 -2.16 40.0524 19.9463 
pose_0 -2.27404 73.7523 39.7752 
pose_0 -11.6487 -0.617476 1.54567 
pose_0 8.50188 41.2801 20.7931 
pose_0 2.20537 79.9281 33.7213 
pose_0 0 0 0 
pose_0 -0.114181 -22.9795 -2.28396 
pose_0 0.419863 -54.3372 0.161126 
pose_0 3.49402 -12.95 8.27352 
pose_0 -11.2098 -11.1539 6.41549 
pose_0 -3.20669 79.4974 38.8711 
pose_0 0.345383 80.7138 41.7284 

pose_1 -4.12457 -63.8208 -15.0286 
pose_1 -6.84337 -42.7745 -15.695 
pose_1 5.50223 -41.1432 -14.8235 
pose_1 25.5793 -25.041 -6.69734 
pose_1 18.1644 -7.67649 -9.02911 
pose_1 -16.7924 -38.5069 -14.6891 
pose_1 -27.0604 -20.0048 -8.5308 
pose_1 -17.3848 -7.88042 -3.04897 
pose_1 7.7855 -0.147045 -0.27007 
pose_1 4.4263 46.2564 10.1582 
pose_1 2.20821 81.1921 24.8726 
pose_1 -8.25375 0.596785 0.916709 
pose_1 -6.30202 44.9612 18.1823 
pose_1 -3.13326 83.0682 25.9898 
pose_1 0 0 0 
pose_1 -1.05269 -19.2895 -8.22798 
pose_1 -5.27719 -51.2212 -15.9882 
pose_1 10.2768 -13.4196 -7.48269 
pose_1 -17.036 -8.36802 2.0493 
pose_1 6.13054 83.1154 37.3195 
pose_1 1.64608 83.1212 37.5874 

POSE_END

avgDiffs -72.8862
AVGDIFFS_END

floorLevels 1
FLOORLEVELS_END

