pose_0 2.08422 -67.3926 4.28885 
pose_0 -1.35694 -46.5875 -4.21378 
pose_0 11.3749 -41.4254 0.209255 
pose_0 29.2667 -23.6189 1.07415 
pose_0 10.892 -13.0746 10.622 
pose_0 -12.3952 -43.0327 -10.7574 
pose_0 -30.7522 -22.5144 -8.09359 
pose_0 -19.5686 -6.52149 -7.61318 
pose_0 8.97679 -2.23891 6.8592 
pose_0 7.94919 37.0527 32.2452 
pose_0 23.0237 74.9788 31.8827 
pose_0 -10.2155 1.24125 -5.36067 
pose_0 -32.5666 29.1505 18.4795 
pose_0 -27.472 58.2061 27.3863 
pose_0 0 0 0 
pose_0 -0.298432 -22.9594 -4.65995 
pose_0 -3.88173 -52.481 2.20345 
pose_0 2.13178 -19.7988 16.4564 
pose_0 -15.212 -3.15938 -8.05499 
pose_0 13.298 77.7325 37.6871 
pose_0 -34.3405 60.7014 41.9675 

pose_1 -0.389737 -56.9704 13.2569 
pose_1 0.224343 -43.3552 6.629 
pose_1 11.9213 -37.9505 10.7421 
pose_1 24.2739 -21.8384 17.5253 
pose_1 10.1169 -8.62775 27.8502 
pose_1 -12.8359 -39.8833 0.022005 
pose_1 -31.5324 -18.6962 -0.38071 
pose_1 -19.4348 -6.34722 -4.33123 
pose_1 7.1533 -2.31851 8.31485 
pose_1 0.270241 39.281 23.341 
pose_1 9.42821 74.1895 25.4699 
pose_1 -9.40369 -0.464162 -4.78719 
pose_1 -33.4832 29.8231 1.89577 
pose_1 -32.4131 59.9559 19.7555 
pose_1 0 0 0 
pose_1 1.33086 -22.4131 -2.05957 
pose_1 -4.18602 -47.3649 12.1762 
pose_1 19.0738 -43.3496 10.5929 
pose_1 -19.4716 -3.38293 -4.47054 
pose_1 5.17388 75.3159 37.1277 
pose_1 -42.0274 63.1445 28.7977 

POSE_END

avgDiffs -70.4413
AVGDIFFS_END

floorLevels 1
FLOORLEVELS_END

