pose_0 1.11609 -62.8037 -12.852 
pose_0 2.32406 -44.9168 -13.7776 
pose_0 -6.28809 -44.8361 -14.5934 
pose_0 -27.4292 -24.6874 -9.84986 
pose_0 -11.0068 -10.4403 -8.58159 
pose_0 -9.85465 -44.8837 -9.61177 
pose_0 32.7454 -25.8181 -6.20689 
pose_0 -12.4977 -9.46418 -12.1555 
pose_0 1.09327 -1.42909 6.19934 
pose_0 -21.2198 37.7627 17.8394 
pose_0 -19.9078 73.6051 30.0447 
pose_0 8.61246 0.799119 -3.54972 
pose_0 12.5571 45.528 14.4436 
pose_0 22.0119 73.5962 35.4039 
pose_0 0 0 0 
pose_0 0.145163 -22.6915 -4.8549 
pose_0 4.12708 -50.3896 -14.4363 
pose_0 -7.70463 -5.55973 -2.94722 
pose_0 -8.43817 -9.15936 -14.8166 
pose_0 -21.8463 81.83 19.4399 
pose_0 24.3474 84.0815 18.4851 

pose_1 -10.8281 -56.193 -13.2665 
pose_1 -11.8966 -37.9437 -7.20932 
pose_1 4.36976 -33.8634 -8.11471 
pose_1 20.7218 -28.0539 0.613864 
pose_1 17.0045 -14.8628 13.8868 
pose_1 -20.6338 -30.7464 -7.74925 
pose_1 -28.1195 -12.3847 0.131697 
pose_1 -7.95544 -44.9562 -27.6938 
pose_1 7.18229 -2.79403 5.86437 
pose_1 10.3889 42.3508 16.3765 
pose_1 15.0123 82.0266 22.707 
pose_1 -10.0043 1.28423 -5.4805 
pose_1 -22.5197 41.8299 4.56302 
pose_1 -25.8114 79.9977 16.9492 
pose_1 0 0 0 
pose_1 -3.17219 -16.9652 -5.0256 
pose_1 -9.19174 -45.337 -9.56216 
pose_1 12.7714 -9.02842 22.3862 
pose_1 -8.33647 -52.9018 -38.9863 
pose_1 10.9848 85.1942 34.7937 
pose_1 -29.7948 81.9659 30.7254 

POSE_END

avgDiffs -73.3657
AVGDIFFS_END

floorLevels 4
FLOORLEVELS_END

