pose_0 1.27439 -65.9319 3.50506 
pose_0 -1.72455 -44.6703 1.43514 
pose_0 -7.21253 -40.1317 -6.44088 
pose_0 -14.4753 -13.3706 -12.729 
pose_0 -17.1605 9.27683 -18.0087 
pose_0 4.94703 -42.4655 10.5836 
pose_0 7.38863 -17.1839 19.8583 
pose_0 11.7145 6.12409 23.8663 
pose_0 -5.98823 0.505671 -6.60238 
pose_0 10.3331 45.0131 1.71045 
pose_0 -5.06656 71.523 13.6227 
pose_0 5.67843 -0.810902 6.20052 
pose_0 7.95603 42.0214 22.9384 
pose_0 -6.20007 79.112 25.1445 
pose_0 0 0 0 
pose_0 -0.513891 -21.0981 2.08733 
pose_0 0.68875 -51.4492 1.56257 
pose_0 -18.4661 18.2733 -22.2157 
pose_0 12.7329 11.778 25.6558 
pose_0 4.44318 84.2406 10.6629 
pose_0 4.82109 84.7186 18.1354 

pose_1 60.5055 6.67231 -7.79142 
pose_1 1.7238 -28.3141 -20.0459 
pose_1 6.90026 -26.3119 -18.3347 
pose_1 -7.41544 -2.77696 -11.1389 
pose_1 44.7934 28.754 -13.5386 
pose_1 5.35312 -22.3436 -22.4305 
pose_1 12.5706 3.17495 -31.6254 
pose_1 41.9267 30.5149 -22.6445 
pose_1 3.06416 -2.08527 6.71544 
pose_1 7.83637 33.2482 24.9295 
pose_1 2.40831 62.6483 32.3628 
pose_1 -3.64158 4.49464 -5.23052 
pose_1 3.52313 29.7316 10.5379 
pose_1 -3.13527 68.0143 23.7124 
pose_1 0 0 0 
pose_1 3.81809 -12.2378 -13.584 
pose_1 53.7492 2.10799 -8.98685 
pose_1 47.0577 34.4521 -10.5916 
pose_1 43.525 20.5457 -20.2572 
pose_1 66.7797 2.17252 -20.5764 
pose_1 69.1766 4.02866 -13.3094 

POSE_END

avgDiffs -58.7028
AVGDIFFS_END

floorLevels 366
FLOORLEVELS_END

