pose_0 31.9581 -17.3252 9.47643 
pose_0 18.7978 -13.6512 9.63449 
pose_0 7.22633 -31.6508 -15.9579 
pose_0 6.42316 -7.08709 -2.35001 
pose_0 -7.61472 8.55014 14.906 
pose_0 17.384 -14.3277 4.64284 
pose_0 6.60584 9.60681 -33.4097 
pose_0 -12.1715 10.1721 -9.00692 
pose_0 2.18677 -1.65332 6.24894 
pose_0 5.72193 35.4992 18.5914 
pose_0 21.8119 -9.36436 -43.6675 
pose_0 -6.22829 3.72553 -4.47686 
pose_0 -10.2369 35.8917 6.34477 
pose_0 28.8166 -21.5593 -29.5418 
pose_0 0 0 0 
pose_0 2.84214 -12.9404 -13.1332 
pose_0 21.5685 -16.3645 15.1525 
pose_0 -4.00511 12.4861 28.4176 
pose_0 35.2261 -30.9933 -5.6769 
pose_0 33.6868 -34.215 -60.2069 
pose_0 37.6295 67.5657 -0.847973 

pose_1 0.560808 -65.242 -12.0734 
pose_1 -0.539752 -45.3931 -12.7511 
pose_1 14.5681 -41.6927 -12.9439 
pose_1 30.5892 -21.0371 -11.0219 
pose_1 15.823 -9.12968 -5.12852 
pose_1 -13.1197 -41.9738 -8.78809 
pose_1 -30.7405 -26.1131 9.22907 
pose_1 -15.3687 -12.4272 10.504 
pose_1 10.4271 0.583668 -4.95596 
pose_1 36.1708 20.0804 14.7732 
pose_1 33.8594 55.6523 18.8065 
pose_1 -10.4123 -1.27584 6.1124 
pose_1 -2.65574 34.8773 34.3618 
pose_1 -7.80426 64.7037 35.2782 
pose_1 0 0 0 
pose_1 0.175489 -21.2743 -6.74017 
pose_1 -0.0467884 -54.1998 -7.74214 
pose_1 11.601 -7.26972 -6.60124 
pose_1 -9.92039 -9.41141 10.9223 
pose_1 41.5761 59.9564 35.5269 
pose_1 -5.21215 67.7983 47.033 

POSE_END

avgDiffs 72.8766
AVGDIFFS_END

floorLevels 6
FLOORLEVELS_END

