pose_0 37.9406 -21.0869 -4.40623 
pose_0 28.6778 -18.5412 6.64616 
pose_0 8.45154 -26.4674 -16.1069 
pose_0 33.026 -17.3518 -36.4344 
pose_0 34.2342 -27.3986 -38.4408 
pose_0 27.6796 -14.1133 -7.15887 
pose_0 4.40462 9.15465 -33.0073 
pose_0 -12.6078 11.4983 -8.76282 
pose_0 3.73657 -1.76014 6.28463 
pose_0 6.90139 39.03 14.4996 
pose_0 29.4453 -22.0623 -54.8422 
pose_0 -6.01484 3.60849 -4.66547 
pose_0 -12.884 35.1139 7.8423 
pose_0 34.668 -15.988 -46.0077 
pose_0 0 0 0 
pose_0 2.96995 -13.4941 -12.1294 
pose_0 30.7796 -22.4446 10.5665 
pose_0 43.2911 -25.7805 -43.368 
pose_0 40.2296 -39.5772 -21.5788 
pose_0 40.1296 -37.9027 -57.5955 
pose_0 39.9894 -33.1797 -61.1843 

pose_1 18.8737 -29.2408 11.0443 
pose_1 13.2134 -21.5919 5.5201 
pose_1 4.50928 -34.4678 -8.80395 
pose_1 5.55629 -6.56802 -9.74274 
pose_1 14.2146 -33.5265 -28.8561 
pose_1 14.8871 -13.6577 -0.664354 
pose_1 24.1362 -33.47 -17.7698 
pose_1 13.4742 -35.2022 -21.6957 
pose_1 4.81045 1.28999 -1.24309 
pose_1 -5.58815 37.6038 15.5954 
pose_1 15.5335 42.475 14.4374 
pose_1 -4.2097 3.857 -4.81472 
pose_1 -10.4594 34.2958 7.00082 
pose_1 13.5785 44.9856 0.339937 
pose_1 0 0 0 
pose_1 -0.690746 -12.9429 -13.3683 
pose_1 13.007 -28.6301 10.1605 
pose_1 20.0041 -30.8397 -38.6862 
pose_1 15.654 -36.4044 -21.8658 
pose_1 22.7636 -38.1629 -45.4719 
pose_1 7.27209 60.3534 0.0554334 

POSE_END

avgDiffs 72.3961
AVGDIFFS_END

floorLevels 347
FLOORLEVELS_END

