pose_0 13.0108 -27.6096 19.9932 
pose_0 13.2915 -20.6762 12.9542 
pose_0 11.2627 -15.2006 15.1928 
pose_0 5.4801 -4.59097 -10.7715 
pose_0 14.4956 -31.5151 -14.4134 
pose_0 18.7987 -16.2319 5.03778 
pose_0 19.4578 -33.6141 -6.10474 
pose_0 -3.36998 5.39362 -3.00776 
pose_0 -1.32265 -0.385854 5.32199 
pose_0 -3.47887 39.0961 15.0484 
pose_0 18.1363 -31.4657 -33.4352 
pose_0 -5.29782 3.86753 -4.38543 
pose_0 -8.63082 35.7857 4.71441 
pose_0 25.0283 -27.9041 -21.7005 
pose_0 0 0 0 
pose_0 10.8282 -2.45275 3.42603 
pose_0 14.6637 -26.207 18.9622 
pose_0 16.178 -33.1529 -18.097 
pose_0 18.5792 -36.0886 -11.1038 
pose_0 19.0122 -41.0761 -32.5178 
pose_0 20.1951 74.0728 19.1786 

pose_1 43.3895 -16.7952 3.99555 
pose_1 -5.77999 -27.9749 -18.5775 
pose_1 8.84375 -31.9489 -14.7325 
pose_1 10.3261 -7.40545 -4.19492 
pose_1 -6.46995 8.18211 15.8728 
pose_1 27.8919 -8.10009 -1.83829 
pose_1 8.32922 9.09058 -31.6483 
pose_1 -10.7798 10.6569 -10.2355 
pose_1 5.28416 -1.90734 6.01337 
pose_1 5.99502 36.8141 19.0849 
pose_1 35.2673 -15.8149 -53.0506 
pose_1 3.09137 3.76819 -6.89276 
pose_1 -11.3868 34.7372 8.15798 
pose_1 37.8375 -14.8886 -52.1819 
pose_1 0 0 0 
pose_1 3.92929 -12.9747 -12.6407 
pose_1 37.5076 -9.77753 0.227092 
pose_1 40.1041 25.311 -12.735 
pose_1 39.3859 -35.3355 -19.9877 
pose_1 40.1933 -31.7937 -65.5595 
pose_1 44.335 -32.4002 -63.0926 

POSE_END

avgDiffs -71.8784
AVGDIFFS_END

floorLevels 0
FLOORLEVELS_END

