pose_0 -4.53941 -62.6928 -15.5639 
pose_0 -6.95991 -40.9488 -16.5014 
pose_0 7.88586 -40.779 -16.486 
pose_0 22.7535 -20.6548 -9.35317 
pose_0 13.7666 -11.2111 -14.4632 
pose_0 -17.0538 -36.3438 -14.1593 
pose_0 -26.1118 -20.8504 -15.1103 
pose_0 13.1157 -12.2038 -21.3018 
pose_0 8.66771 -0.0707339 -2.28927 
pose_0 1.03315 46.4877 7.41921 
pose_0 -22.4221 59.1519 18.8076 
pose_0 -7.6406 -0.787797 4.14778 
pose_0 -1.56879 42.5621 21.8409 
pose_0 -6.91598 77.5397 33.9018 
pose_0 0 0 0 
pose_0 -0.705498 -19.8575 -7.59743 
pose_0 -5.32802 -48.6358 -17.7942 
pose_0 7.39203 -20.1878 -20.6997 
pose_0 7.47646 -15.7979 -24.7383 
pose_0 -18.8093 74.8445 25.6195 
pose_0 -0.273264 80.659 37.5823 

pose_1 2.56263 -63.8777 -11.3133 
pose_1 0.736843 -46.0985 -10.197 
pose_1 12.8303 -43.1144 -8.12385 
pose_1 28.9933 -23.7916 -6.98524 
pose_1 15.3977 -9.73217 -9.18035 
pose_1 -10.8218 -42.3009 -10.6845 
pose_1 -28.3322 -28.5516 2.01238 
pose_1 -11.4189 -11.3154 -4.09067 
pose_1 8.68423 0.00358072 -1.35729 
pose_1 1.46311 41.7752 16.64 
pose_1 -11.66 52.4296 51.9397 
pose_1 -8.65404 -0.743008 4.29987 
pose_1 7.41763 39.2435 23.9236 
pose_1 -8.35588 51.2472 52.0165 
pose_1 0 0 0 
pose_1 1.2236 -21.3552 -5.35225 
pose_1 0.127122 -53.5405 -6.32545 
pose_1 11.109 -10.3832 -9.32065 
pose_1 -5.39055 -10.7424 -4.74249 
pose_1 -8.01624 67.8877 48.9134 
pose_1 1.7793 72.983 40.3918 

POSE_END

avgDiffs 74.795
AVGDIFFS_END

floorLevels 0
FLOORLEVELS_END

