pose_0 1.99036 -65.7212 -11.9782 
pose_0 1.60069 -46.4893 -9.63389 
pose_0 14.1565 -41.5066 -9.03948 
pose_0 29.3536 -21.7865 -5.2 
pose_0 14.8562 -10.0905 -3.94893 
pose_0 -10.5715 -44.5521 -4.14538 
pose_0 -25.9853 -29.661 10.4855 
pose_0 -13.0619 -14.5433 9.50094 
pose_0 9.59146 0.816254 -4.72049 
pose_0 36.5801 20.6455 14.0974 
pose_0 34.5645 52.8282 23.069 
pose_0 -8.42659 -1.15062 6.65856 
pose_0 0.156615 36.7653 28.9806 
pose_0 -4.79813 67.0599 31.9729 
pose_0 0 0 0 
pose_0 0.993895 -21.7841 -3.75592 
pose_0 2.43051 -54.2393 -7.96233 
pose_0 13.2345 -6.58275 -4.12531 
pose_0 -7.55276 -14.2465 9.91123 
pose_0 36.4551 59.0497 39.0851 
pose_0 -1.36965 69.4381 43.9809 

pose_1 31.3159 -22.2557 17.3333 
pose_1 21.2856 -15.0675 11.4549 
pose_1 8.97638 -31.1076 -15.0898 
pose_1 10.4625 -8.9899 -2.93774 
pose_1 -6.18721 6.31006 13.9018 
pose_1 18.7401 -14.4901 5.07885 
pose_1 7.40828 9.65313 -32.2958 
pose_1 -12.1125 9.00155 -10.2683 
pose_1 -0.408647 -2.37057 6.80265 
pose_1 8.58735 35.7298 18.5938 
pose_1 23.5095 -9.99442 -42.9053 
pose_1 -4.74462 2.94686 -4.355 
pose_1 -10.1263 36.0862 6.60234 
pose_1 32.7793 -8.8441 -35.5531 
pose_1 0 0 0 
pose_1 2.75624 -14.0356 -12.647 
pose_1 24.0519 -13.6738 13.9865 
pose_1 -4.99575 8.8138 26.3469 
pose_1 33.7675 -32.1295 -7.9875 
pose_1 34.4745 -34.5214 -60.1764 
pose_1 34.2197 -30.7529 -64.3893 

POSE_END

avgDiffs -73.3557
AVGDIFFS_END

floorLevels 6
FLOORLEVELS_END

