pose_0 3.66613 -65.3869 -7.16058 
pose_0 0.215711 -46.008 -6.07242 
pose_0 12.9252 -41.9674 -5.79106 
pose_0 30.8227 -20.3432 -2.86747 
pose_0 14.5122 -9.54234 3.368 
pose_0 -11.8722 -43.4881 -4.27365 
pose_0 -28.6589 -23.6845 3.41428 
pose_0 -16.0672 -8.70855 4.89333 
pose_0 11.9637 -0.626067 -1.43687 
pose_0 -3.84516 39.2425 19.3184 
pose_0 -1.03273 72.5506 36.3526 
pose_0 -11.3207 -0.298006 3.43025 
pose_0 22.6095 41.3608 9.05097 
pose_0 40.5536 70.4639 22.7158 
pose_0 0 0 0 
pose_0 -0.0596466 -22.6472 -3.41456 
pose_0 1.00645 -52.8667 -0.806685 
pose_0 6.71407 -19.3239 9.07513 
pose_0 -11.0477 -9.15151 6.08497 
pose_0 -5.27005 79.9734 33.4954 
pose_0 40.394 83.4284 10.5595 

pose_1 -2.50515 -64.1377 -13.7371 
pose_1 -4.85636 -42.1317 -13.181 
pose_1 11.2565 -37.3636 -15.362 
pose_1 27.9403 -23.1436 -6.16571 
pose_1 13.8547 -11.4836 3.46862 
pose_1 -15.2881 -40.3082 -9.89403 
pose_1 -29.3238 -21.2785 2.38217 
pose_1 -24.0174 -5.76429 10.6145 
pose_1 10.939 -0.408887 -0.222508 
pose_1 16.6681 41.9378 12.6191 
pose_1 26.3177 78.1168 23.356 
pose_1 -11.4923 -0.762142 1.74534 
pose_1 -3.19489 40.827 27.3058 
pose_1 -7.55806 77.1248 33.7833 
pose_1 0 0 0 
pose_1 -1.23726 -18.8578 -9.51358 
pose_1 -2.73348 -51.1035 -10.0601 
pose_1 8.03699 -18.7703 7.58123 
pose_1 -23.5749 -5.75136 18.5652 
pose_1 26.5911 83.0684 30.3604 
pose_1 -4.38208 74.1156 50.5537 

POSE_END

avgDiffs -71.3979
AVGDIFFS_END

floorLevels 4
FLOORLEVELS_END

