pose_0 3.79274 -66.0907 -6.14481 
pose_0 -1.32569 -46.8517 -8.22163 
pose_0 10.2485 -42.7493 -8.73277 
pose_0 24.7267 -24.7425 -4.49242 
pose_0 17.2393 -12.6543 7.88879 
pose_0 -13.1945 -43.2981 -6.75599 
pose_0 -30.4823 -26.0709 2.5946 
pose_0 -12.6218 -9.73925 -3.28752 
pose_0 10.6803 -1.54505 2.04583 
pose_0 8.61937 26.6055 39.0779 
pose_0 9.55868 60.8524 54.2879 
pose_0 -10.4257 0.16165 -0.850965 
pose_0 -1.82272 37.7055 26.9953 
pose_0 4.34736 75.569 36.6057 
pose_0 0 0 0 
pose_0 -0.974718 -22.2232 -4.4914 
pose_0 0.724533 -54.0665 -4.2729 
pose_0 13.9344 -9.41988 11.8286 
pose_0 -10.429 -13.6823 5.74296 
pose_0 12.2246 52.648 68.5647 
pose_0 2.53975 76.4989 47.1614 

pose_1 -0.148428 -67.159 -4.12256 
pose_1 -2.30586 -44.7802 -8.69933 
pose_1 10.4009 -40.5707 -6.43464 
pose_1 21.0175 -15.0952 1.26325 
pose_1 9.92661 -16.3735 16.0936 
pose_1 -14.5889 -38.3951 -8.47945 
pose_1 -27.5594 -14.8781 -3.99254 
pose_1 -19.1605 -11.7716 14.3592 
pose_1 10.5439 -0.550823 1.52901 
pose_1 12.7411 33.2607 33.5277 
pose_1 -2.18565 75.6109 33.6395 
pose_1 -10.9909 -0.135876 -0.784857 
pose_1 -2.02383 43.1223 22.454 
pose_1 11.5304 59.7043 55.9813 
pose_1 0 0 0 
pose_1 -0.573305 -21.1343 -5.98668 
pose_1 -2.08906 -52.3387 -4.39265 
pose_1 -4.25061 -13.7296 19.6982 
pose_1 -18.8752 -12.7724 22.5103 
pose_1 -0.827809 83.9157 23.4082 
pose_1 2.84809 83.8526 33.1423 

POSE_END

avgDiffs -70.9044
AVGDIFFS_END

floorLevels 1
FLOORLEVELS_END

