pose_0 0.603383 -66.3278 15.2673 
pose_0 -1.93876 -46.1675 -1.03107 
pose_0 8.89384 -41.3575 4.68344 
pose_0 27.4206 -26.3235 9.31314 
pose_0 5.77476 -17.1888 17.5874 
pose_0 -11.9735 -42.5473 -8.91564 
pose_0 -21.2881 -17.6743 -21.6695 
pose_0 -12.6117 -4.78825 -17.287 
pose_0 7.03689 -2.35754 8.45092 
pose_0 8.29979 40.3695 25.2772 
pose_0 26.1936 74.4548 22.4575 
pose_0 -7.34832 1.81025 -8.14828 
pose_0 -29.4373 30.6999 21.3316 
pose_0 -18.5014 65.0023 28.128 
pose_0 0 0 0 
pose_0 -1.14105 -23.143 -2.71034 
pose_0 -3.27965 -52.1566 4.82579 
pose_0 1.42514 -12.8747 19.3523 
pose_0 -13.2775 1.75286 -14.2793 
pose_0 22.3822 78.9878 30.8293 
pose_0 -28.6644 64.8466 38.9604 

pose_1 45.8085 -12.4044 18.6518 
pose_1 -5.06769 -30.1221 -17.1913 
pose_1 30.2713 1.79899 9.14457 
pose_1 8.65597 -7.3348 -4.55126 
pose_1 43.2616 -14.8384 -17.2449 
pose_1 31.4344 1.8815 -6.6455 
pose_1 9.00622 10.333 -31.0956 
pose_1 -9.69981 10.6496 -11.1072 
pose_1 4.45872 -3.77164 5.85984 
pose_1 6.59081 35.7013 18.5522 
pose_1 47.7057 -6.00932 -36.7631 
pose_1 -5.00812 3.85932 -4.86772 
pose_1 -0.147549 32.8532 8.34581 
pose_1 50.5813 -9.39387 -40.9466 
pose_1 0 0 0 
pose_1 3.81039 -13.3031 -12.7004 
pose_1 37.0489 -3.25211 12.3759 
pose_1 50.2874 -17.0224 -25.2726 
pose_1 42.1758 -25.0113 -8.03326 
pose_1 48.606 -21.3349 -29.3133 
pose_1 41.138 63.2545 -2.5382 

POSE_END

avgDiffs -65.0357
AVGDIFFS_END

floorLevels 0
FLOORLEVELS_END

