pose_0 4.26572 -67.7132 3.66449 
pose_0 -1.43652 -46.2925 -4.24929 
pose_0 9.38406 -41.0891 0.37818 
pose_0 29.1463 -22.6675 2.02688 
pose_0 11.4198 -13.0977 11.9936 
pose_0 -12.2009 -42.2446 -10.9896 
pose_0 -31.1521 -20.5965 -8.33185 
pose_0 -19.345 -6.55266 -6.75121 
pose_0 8.85776 -2.23527 7.03038 
pose_0 8.10303 37.223 31.2297 
pose_0 22.9685 74.9629 31.2055 
pose_0 -9.67515 1.01135 -5.46468 
pose_0 -33.218 28.8885 13.5684 
pose_0 -27.1367 57.8105 27.2548 
pose_0 0 0 0 
pose_0 -0.35678 -22.6054 -4.33356 
pose_0 -3.91265 -52.621 0.333011 
pose_0 6.27766 -19.2834 17.9254 
pose_0 -14.6627 -3.51245 -7.80482 
pose_0 14.2939 78.1149 34.8793 
pose_0 -35.8554 59.6286 41.5986 

pose_1 -2.58579 -57.675 12.3771 
pose_1 0.176975 -44.9997 1.52778 
pose_1 12.5756 -40.165 6.8581 
pose_1 25.7416 -21.8611 13.744 
pose_1 10.9143 -9.24411 22.2483 
pose_1 -12.2508 -40.6148 -5.17131 
pose_1 -31.7543 -18.245 -2.12955 
pose_1 -18.7577 -6.67034 1.84714 
pose_1 8.32463 -2.70999 7.62707 
pose_1 0.264255 38.5628 25.2605 
pose_1 9.95003 74.651 25.9153 
pose_1 -9.82994 0.2187 -5.57656 
pose_1 -33.7477 29.9524 5.08848 
pose_1 -32.1852 60.3297 20.5056 
pose_1 0 0 0 
pose_1 0.838634 -22.3342 -4.23019 
pose_1 -3.69257 -48.7883 8.26202 
pose_1 6.81517 -5.21112 26.5154 
pose_1 -18.5886 -3.64288 4.75845 
pose_1 5.28139 75.6601 37.6823 
pose_1 -43.6217 61.9841 29.5585 

POSE_END

avgDiffs -69.9745
AVGDIFFS_END

floorLevels 2
FLOORLEVELS_END

