pose_0 5.72403 -66.1074 -0.0994089 
pose_0 1.26575 -46.1961 -6.14298 
pose_0 12.1987 -42.1763 -0.392757 
pose_0 28.7406 -24.2226 5.62628 
pose_0 10.6557 -15.6496 15.2552 
pose_0 -10.8869 -42.8102 -12.4627 
pose_0 -29.2126 -20.4401 -10.374 
pose_0 -14.4277 -7.07367 -11.4225 
pose_0 9.04331 -2.52757 7.9666 
pose_0 6.21155 37.3534 31.2866 
pose_0 -24.4646 62.1272 24.6865 
pose_0 -8.53089 1.30188 -6.51084 
pose_0 -32.049 29.7488 16.3754 
pose_0 -27.7838 59.8444 27.1578 
pose_0 0 0 0 
pose_0 -0.244596 -22.5758 -5.094 
pose_0 0.399513 -52.9285 -0.00175702 
pose_0 -0.837418 -14.8576 16.5218 
pose_0 -9.44759 -4.17454 -11.7536 
pose_0 -34.4974 63.3916 33.2831 
pose_0 14.4909 79.2172 31.8914 

pose_1 -2.41414 -60.4623 -7.47225 
pose_1 -4.41041 -44.0258 -8.89443 
pose_1 10.4398 -39.2889 -6.72846 
pose_1 23.9403 -23.5291 11.247 
pose_1 11.2352 -10.8681 21.5579 
pose_1 -16.3481 -39.3954 -7.04517 
pose_1 -29.9133 -18.9227 4.62396 
pose_1 -21.4405 -7.28465 6.33498 
pose_1 8.74777 -3.14838 6.83367 
pose_1 0.344979 39.3255 23.7935 
pose_1 9.38521 74.5003 23.577 
pose_1 -10.1294 0.567696 -3.96125 
pose_1 -33.9118 29.8013 4.20625 
pose_1 -31.8405 61.5548 16.7427 
pose_1 0 0 0 
pose_1 -0.827366 -20.6273 -7.1568 
pose_1 -4.93856 -49.95 -4.08749 
pose_1 2.079 -6.66441 22.4178 
pose_1 -17.8648 -4.93325 6.66731 
pose_1 5.68394 76.6182 35.3694 
pose_1 -44.5093 62.9313 25.7974 

POSE_END

avgDiffs -72.9012
AVGDIFFS_END

floorLevels 1
FLOORLEVELS_END

