pose_0 1.79009 -66.6253 -1.07865 
pose_0 -0.163974 -47.2255 -3.99256 
pose_0 12.9358 -42.9059 -3.12506 
pose_0 29.9334 -23.1122 -4.26705 
pose_0 15.1048 -8.84834 -2.26238 
pose_0 -12.159 -42.2556 -4.69727 
pose_0 -29.5402 -26.0532 5.07807 
pose_0 -12.9238 -10.2991 1.12469 
pose_0 10.4351 -0.376543 -3.02455 
pose_0 6.63772 41.2734 21.5717 
pose_0 0.142659 63.734 37.2478 
pose_0 -9.83447 -0.927303 4.11116 
pose_0 1.438 37.5345 29.8833 
pose_0 -0.126752 66.7609 42.6449 
pose_0 0 0 0 
pose_0 0.170573 -21.8426 -5.17292 
pose_0 -0.0536761 -54.1485 1.22672 
pose_0 9.68781 -14.0402 5.4024 
pose_0 -7.20955 -10.3226 3.09394 
pose_0 -7.42585 68.6016 41.5282 
pose_0 5.39619 70.4966 48.5245 

pose_1 41.8998 -19.3805 1.27827 
pose_1 27.045 -12.6618 4.81153 
pose_1 6.38554 -25.5021 -18.749 
pose_1 8.50695 -3.36903 -3.64729 
pose_1 31.9896 -17.7596 -34.8635 
pose_1 4.97662 -21.5828 -23.7004 
pose_1 5.68739 9.06292 -31.7938 
pose_1 -11.5277 11.7071 -8.96514 
pose_1 4.94927 -2.3683 6.41527 
pose_1 9.56665 32.9342 22.1337 
pose_1 32.571 -18.1168 -58.7527 
pose_1 -5.35703 3.25953 -4.48142 
pose_1 0.607641 33.1831 8.00518 
pose_1 35.2565 -18.7092 -60.1193 
pose_1 0 0 0 
pose_1 3.5769 -13.2702 -12.701 
pose_1 32.045 -16.8483 8.47316 
pose_1 42.49 -21.43 -46.7027 
pose_1 38.1922 -31.034 -28.6515 
pose_1 38.896 -30.365 -63.2574 
pose_1 41.6963 -26.0829 -65.2751 

POSE_END

avgDiffs -76.711
AVGDIFFS_END

floorLevels 347
FLOORLEVELS_END

