pose_0 3.88314 -64.8022 -10.4287 
pose_0 1.82366 -46.0866 -8.62699 
pose_0 13.7359 -42.8519 -9.09823 
pose_0 27.2834 -20.1494 -12.3415 
pose_0 15.935 -8.18683 -12.1413 
pose_0 -11.37 -44.4749 -3.28556 
pose_0 -28.3371 -28.9771 9.74635 
pose_0 -14.8677 -13.6394 10.1149 
pose_0 8.50486 0.428186 -5.76503 
pose_0 35.0813 18.1798 13.0914 
pose_0 28.1261 52.3735 12.0328 
pose_0 -8.9893 -1.24871 6.43732 
pose_0 -0.755344 37.8087 28.9623 
pose_0 -4.25576 71.0933 31.5426 
pose_0 0 0 0 
pose_0 0.80771 -21.6387 -3.02311 
pose_0 2.71272 -54.1087 -6.53391 
pose_0 15.8479 -4.59412 -13.0366 
pose_0 -9.81535 -13.6524 11.1016 
pose_0 35.7423 60.6595 19.6022 
pose_0 0.512884 71.8359 43.085 

pose_1 41.7891 -19.3886 18.5977 
pose_1 23.1185 -12.3036 11.3716 
pose_1 6.51695 -31.9243 -12.9496 
pose_1 10.0203 -5.91607 -2.43628 
pose_1 -6.83817 9.79558 13.6273 
pose_1 5.31922 -28.3102 -16.4942 
pose_1 5.42517 9.73274 -31.9208 
pose_1 -12.2246 11.2007 -7.72246 
pose_1 4.04937 -1.43386 5.74128 
pose_1 6.60381 36.0115 18.0808 
pose_1 -8.33345 60.5837 27.8353 
pose_1 -6.06108 3.40381 -4.31008 
pose_1 -10.9869 36.0378 7.84761 
pose_1 35.9945 -24.4427 -39.8071 
pose_1 0 0 0 
pose_1 2.89608 -13.2631 -12.1111 
pose_1 26.9037 -14.2086 16.4795 
pose_1 44.5054 -21.5812 -42.7133 
pose_1 34.3574 -28.0224 -13.36 
pose_1 39.4394 -31.0793 -61.9006 
pose_1 39.833 -29.5181 -61.0976 

POSE_END

avgDiffs -74.8672
AVGDIFFS_END

floorLevels 0
FLOORLEVELS_END

