pose_0 15.2366 -28.4285 27.653 
pose_0 9.63558 -23.2323 14.0024 
pose_0 -3.616 -18.9377 19.7458 
pose_0 -1.09751 1.92289 -7.73364 
pose_0 9.04313 -31.0228 -13.244 
pose_0 18.0198 -20.8972 10.3879 
pose_0 15.1799 -31.6252 -4.49959 
pose_0 10.6819 -32.6979 -9.47245 
pose_0 -0.336862 -1.49721 4.15591 
pose_0 -6.61397 38.9333 9.9783 
pose_0 2.13648 -28.3183 -29.3353 
pose_0 8.05139 -0.789305 -0.369882 
pose_0 -10.4223 34.5395 2.98218 
pose_0 16.8119 27.3464 5.39873 
pose_0 0 0 0 
pose_0 -0.270541 -2.7668 -0.757903 
pose_0 7.28161 -25.5992 19.8952 
pose_0 9.25769 -31.7999 -16.3402 
pose_0 12.9409 -34.8494 -10.0737 
pose_0 11.9347 62.426 22.4227 
pose_0 10.0705 69.5883 10.3414 

pose_1 -3.32891 -64.1533 -14.2569 
pose_1 -7.97695 -41.9792 -16.0362 
pose_1 8.08638 -39.3961 -16.8925 
pose_1 27.1798 -22.2655 -12.2219 
pose_1 17.0985 -8.75362 -6.12352 
pose_1 -18.0565 -37.9481 -12.0185 
pose_1 -29.6942 -20.0575 -2.01453 
pose_1 -15.2387 -8.19871 1.66561 
pose_1 10.3308 0.0283033 -3.18483 
pose_1 9.57636 44.9615 7.29414 
pose_1 -9.3323 63.029 22.041 
pose_1 -10.0226 -0.700838 4.3017 
pose_1 1.03819 41.1467 25.9388 
pose_1 -8.16525 66.8061 37.1041 
pose_1 0 0 0 
pose_1 -1.75327 -18.9667 -10.2414 
pose_1 -6.2716 -49.8287 -12.5767 
pose_1 10.5593 -17.0276 0.919209 
pose_1 -13.2869 -10.0184 7.28278 
pose_1 -3.54994 76.9245 18.1282 
pose_1 -1.47828 75.1383 33.9196 

POSE_END

avgDiffs -76.2921
AVGDIFFS_END

floorLevels 410
FLOORLEVELS_END

