pose_0 -4.58927 -67.6157 2.17112 
pose_0 -1.6951 -45.57 0.123557 
pose_0 -6.65819 -41.1894 -10.0609 
pose_0 -14.5078 -13.2036 -13.3251 
pose_0 -14.2803 7.67134 -25.547 
pose_0 3.41295 -42.6976 10.3574 
pose_0 8.01441 -17.7298 20.8169 
pose_0 13.6888 6.50922 14.7249 
pose_0 -6.16255 -0.14826 -4.85824 
pose_0 1.22336 46.6746 3.01342 
pose_0 -8.53986 75.9294 19.3574 
pose_0 5.97504 -0.574225 4.09728 
pose_0 2.50569 44.5544 19.4392 
pose_0 -8.01546 76.2123 31.8823 
pose_0 0 0 0 
pose_0 -1.27166 -21.2917 2.63395 
pose_0 0.212923 -53.4622 -0.0603667 
pose_0 -15.6467 17.1134 -26.3878 
pose_0 17.8027 13.7838 15.4704 
pose_0 2.20111 83.2256 20.7368 
pose_0 3.44849 81.7902 30.1807 

pose_1 57.9616 -2.93846 8.84481 
pose_1 -0.574258 -28.5049 -20.2554 
pose_1 8.81838 -29.5741 -16.7756 
pose_1 11.6938 -2.09336 -1.9183 
pose_1 -6.61263 7.72479 15.5658 
pose_1 2.34359 -28.4572 -20.4172 
pose_1 6.38647 9.8387 -32.1068 
pose_1 -11.0126 9.77638 -9.89465 
pose_1 4.98015 -2.13032 5.54707 
pose_1 10.4949 32.3502 23.1082 
pose_1 1.8367 53.3518 37.3633 
pose_1 -6.06901 3.79294 -4.38709 
pose_1 1.76336 32.8755 8.29065 
pose_1 57.8459 21.6587 -10.1808 
pose_1 0 0 0 
pose_1 3.11705 -12.3613 -13.6673 
pose_1 44.4793 3.3078 5.4062 
pose_1 61.1011 -13.3507 -18.5595 
pose_1 58.3457 -13.9236 -6.10625 
pose_1 65.5141 -15.5107 0.350213 
pose_1 -7.45388 70.89 30.9078 

POSE_END

avgDiffs -58.2164
AVGDIFFS_END

floorLevels 3
FLOORLEVELS_END

