pose_0 6.19684 -66.4229 8.21062 
pose_0 2.97044 -46.5453 1.29747 
pose_0 -8.27821 -42.2072 6.47483 
pose_0 -27.3328 -22.4826 4.9862 
pose_0 -24.7361 -7.00469 -17.3435 
pose_0 11.9936 -42.7474 -5.27436 
pose_0 27.7069 -20.7444 -6.43429 
pose_0 10.9738 -4.74584 -21.3872 
pose_0 -8.11456 -1.58351 7.37797 
pose_0 -11.2186 36.6788 29.1025 
pose_0 10.3277 71.4761 39.1061 
pose_0 7.49136 2.34701 -7.08428 
pose_0 -7.44563 42.4821 11.4939 
pose_0 3.52984 77.6334 26.1421 
pose_0 0 0 0 
pose_0 1.41799 -23.7845 -0.788096 
pose_0 1.35509 -51.6317 4.77361 
pose_0 -24.0375 -2.027 -27.5023 
pose_0 5.97675 -0.751634 -26.2614 
pose_0 -9.42431 76.6506 41.2445 
pose_0 -8.229 79.8187 29.2684 

pose_1 51.4072 -4.39798 3.99267 
pose_1 -4.86097 -30.6344 -18.427 
pose_1 7.90676 -29.7688 -16.8603 
pose_1 10.8006 -3.01259 -1.82984 
pose_1 -3.97075 9.29858 18.4478 
pose_1 32.194 2.95503 -4.87365 
pose_1 8.70887 10.0545 -31.131 
pose_1 44.9032 1.50031 -15.6558 
pose_1 4.00161 -2.36675 5.84295 
pose_1 6.4952 35.1165 19.9752 
pose_1 50.8924 11.3519 -1.00377 
pose_1 -5.09593 3.69186 -4.62526 
pose_1 4.34631 32.1422 7.54096 
pose_1 43.5209 41.0466 -10.4509 
pose_1 0 0 0 
pose_1 3.55454 -13.077 -13.3307 
pose_1 50.8398 -8.35976 6.00739 
pose_1 62.038 -17.2903 -16.8017 
pose_1 57.9332 -20.9425 -2.75457 
pose_1 32.8005 61.6246 2.84587 
pose_1 33.404 61.9966 -4.66908 

POSE_END

avgDiffs -61.1155
AVGDIFFS_END

floorLevels 3
FLOORLEVELS_END

