pose_0 1.05624 -67.0195 -4.5029 
pose_0 -0.0841451 -46.5417 -4.85712 
pose_0 12.4617 -42.0938 -2.15654 
pose_0 29.8448 -22.1386 0.685858 
pose_0 16.0635 -11.1473 7.71495 
pose_0 -12.494 -43.8853 -3.61753 
pose_0 -28.783 -23.5435 2.52364 
pose_0 -13.2729 -10.5497 2.46051 
pose_0 11.8647 -0.736999 -0.0868833 
pose_0 -2.28791 40.4299 19.629 
pose_0 -2.1471 77.199 35.1096 
pose_0 -11.6262 -0.534903 1.42255 
pose_0 8.01227 41.5973 20.1512 
pose_0 2.24235 79.6998 34.4683 
pose_0 0 0 0 
pose_0 0.0327379 -22.9216 -2.10572 
pose_0 0.41376 -54.3864 0.0570361 
pose_0 6.91751 -12.7125 8.05964 
pose_0 -11.4015 -11.0438 7.15942 
pose_0 -3.5861 79.7035 38.2154 
pose_0 -0.28625 80.4354 42.5147 

pose_1 -4.0129 -64.3055 -14.6566 
pose_1 -6.64314 -42.619 -15.0996 
pose_1 5.46225 -40.9493 -13.8568 
pose_1 25.8051 -24.5699 -7.04483 
pose_1 18.1105 -7.71699 -9.38366 
pose_1 -16.5432 -38.996 -14.0494 
pose_1 -26.7655 -20.124 -4.55832 
pose_1 -17.5839 -7.80065 -1.10684 
pose_1 7.68878 -0.194318 -0.25288 
pose_1 4.6874 46.1846 10.7357 
pose_1 2.11599 81.3759 24.2646 
pose_1 -8.44183 0.703539 0.690062 
pose_1 -7.65534 45.5187 17.3523 
pose_1 -3.30775 83.2935 25.212 
pose_1 0 0 0 
pose_1 -0.868929 -19.3761 -7.54431 
pose_1 -5.06893 -51.209 -15.8733 
pose_1 10.447 -13.654 -8.70193 
pose_1 -17.0005 -8.41359 3.68938 
pose_1 5.86632 83.4291 36.6701 
pose_1 1.41786 83.4492 36.8411 

POSE_END

avgDiffs -73.8212
AVGDIFFS_END

floorLevels 2
FLOORLEVELS_END

