pose_0 1.4501 -64.611 -10.0096 
pose_0 -0.258905 -45.8602 -7.83028 
pose_0 11.8869 -41.6828 -7.63941 
pose_0 28.8305 -21.5806 -1.33988 
pose_0 12.3869 -12.8904 2.91918 
pose_0 -12.6438 -43.7219 -4.49933 
pose_0 -28.7706 -24.3385 4.51802 
pose_0 -16.0769 -8.36985 1.97811 
pose_0 11.4048 -0.576655 -1.099 
pose_0 -3.37897 38.8221 22.4756 
pose_0 1.09176 73.4547 33.6164 
pose_0 -11.7452 -0.0897255 2.96237 
pose_0 23.2261 39.7219 12.608 
pose_0 -1.32923 76.0223 35.9181 
pose_0 0 0 0 
pose_0 -0.659122 -22.5265 -4.35245 
pose_0 0.918277 -52.9605 -3.79857 
pose_0 4.74349 -19.6336 4.76785 
pose_0 -11.2924 -11.7397 5.06432 
pose_0 35.9811 83.3743 20.5631 
pose_0 -1.73791 75.5907 48.632 

pose_1 -1.56554 -63.2665 -15.648 
pose_1 -4.95424 -43.0358 -14.1862 
pose_1 8.42047 -39.4808 -17.0836 
pose_1 27.2266 -24.0385 -9.35286 
pose_1 15.6186 -12.5847 2.54845 
pose_1 -16.9838 -39.9567 -8.59457 
pose_1 -28.8073 -20.6494 2.50328 
pose_1 -21.9945 -7.02334 8.98244 
pose_1 10.1956 -0.30494 -0.925394 
pose_1 17.5898 39.5866 17.7629 
pose_1 21.4841 68.2656 22.1705 
pose_1 -11.4238 -1.05188 2.02327 
pose_1 -2.613 41.0195 26.1029 
pose_1 -6.89702 75.5962 34.2649 
pose_1 0 0 0 
pose_1 -2.11111 -20.3346 -8.27244 
pose_1 -3.50726 -50.0748 -10.5359 
pose_1 6.31883 -19.4222 4.57898 
pose_1 -20.5554 -7.69477 15.7547 
pose_1 25.3909 77.3885 29.0819 
pose_1 -4.21593 75.1395 48.0294 

POSE_END

avgDiffs -71.898
AVGDIFFS_END

floorLevels 2
FLOORLEVELS_END

