pose_0 -3.5895 -66.5757 -1.5567 
pose_0 -0.763385 -45.4587 -1.39973 
pose_0 -7.73789 -39.7766 -9.10902 
pose_0 -16.42 -12.0954 -10.127 
pose_0 -17.9661 9.68314 -21.3461 
pose_0 5.23092 -42.3365 5.77354 
pose_0 13.2966 -17.3943 18.4702 
pose_0 19.187 6.87536 19.4346 
pose_0 -4.89516 0.206015 -6.50736 
pose_0 10.8622 43.3077 6.85733 
pose_0 -2.02796 68.5809 1.74423 
pose_0 5.40295 -0.684234 6.15887 
pose_0 8.19879 40.6146 24.0214 
pose_0 -2.79802 74.3436 20.882 
pose_0 0 0 0 
pose_0 -0.118113 -21.976 0.854903 
pose_0 0.362855 -51.8581 -2.34321 
pose_0 -19.3924 19.6458 -26.3803 
pose_0 21.5361 14.0132 24.2833 
pose_0 3.04528 83.9282 -1.37089 
pose_0 5.08104 81.6463 18.6663 

pose_1 50.1925 0.0680543 10.1693 
pose_1 4.38632 -31.2166 -16.2325 
pose_1 8.34966 -33.2012 -13.9055 
pose_1 10.0982 -8.97996 -1.85761 
pose_1 -3.74973 8.2957 15.9754 
pose_1 4.6846 -30.0995 -17.7179 
pose_1 6.37562 11.2204 -32.2908 
pose_1 -12.6273 10.0457 -9.75075 
pose_1 5.29892 -1.90153 5.71909 
pose_1 4.44942 38.2457 15.7307 
pose_1 54.9584 20.3273 -5.60592 
pose_1 -5.24607 3.08349 -4.21125 
pose_1 1.49702 35.2507 6.0044 
pose_1 59.5769 5.28489 7.60427 
pose_1 0 0 0 
pose_1 3.30127 -13.6451 -12.4381 
pose_1 46.9499 -11.8656 0.816865 
pose_1 55.0112 -23.827 -9.23441 
pose_1 41.6292 24.7387 -30.4664 
pose_1 62.4993 -23.6961 19.6459 
pose_1 42.6842 65.1348 -6.37369 

POSE_END

avgDiffs -62.587
AVGDIFFS_END

floorLevels 6
FLOORLEVELS_END

