pose_0 -2.40535 -65.2554 -4.59004 
pose_0 -1.09554 -46.3878 -7.6396 
pose_0 13.0228 -42.6582 -5.88658 
pose_0 31.0886 -22.7688 -7.55345 
pose_0 15.5561 -11.1044 -1.43661 
pose_0 -13.509 -41.8434 -7.12267 
pose_0 -28.7639 -24.4057 4.45694 
pose_0 -12.3255 -8.9896 1.19632 
pose_0 10.6003 -0.210575 -2.91005 
pose_0 1.36171 39.1079 21.1861 
pose_0 -1.24874 59.1554 40.9292 
pose_0 -11.1034 -0.983997 3.7921 
pose_0 6.08958 39.5957 25.5541 
pose_0 -3.40792 63.6499 42.8041 
pose_0 0 0 0 
pose_0 -0.384572 -21.5853 -5.57022 
pose_0 -2.79695 -54.2414 -1.7783 
pose_0 9.87875 -13.2833 1.31211 
pose_0 -9.99013 -9.70781 5.74433 
pose_0 -3.5925 74.7149 26.6278 
pose_0 0.705251 70.9188 48.8076 

pose_1 38.1849 -23.5914 -1.38019 
pose_1 3.49061 -30.0908 -15.6658 
pose_1 8.52987 -30.566 -12.9046 
pose_1 8.91379 -6.58092 -3.7686 
pose_1 -5.20459 10.0347 17.6033 
pose_1 4.24739 -29.0757 -15.9208 
pose_1 3.26547 9.29875 -32.6033 
pose_1 -12.7468 9.91653 -6.88302 
pose_1 -1.0111 -2.01633 6.64652 
pose_1 4.99281 35.5156 19.2823 
pose_1 23.8765 -18.6816 -52.5576 
pose_1 -6.29256 3.37373 -4.11999 
pose_1 -13.3688 35.7255 8.33856 
pose_1 27.4243 -16.2919 -54.0223 
pose_1 0 0 0 
pose_1 2.00988 -13.8039 -12.0421 
pose_1 35.6152 -18.7646 7.48718 
pose_1 41.2146 -22.1339 -34.0179 
pose_1 33.0417 6.80969 -28.1074 
pose_1 23.4142 64.1813 11.8961 
pose_1 33.6126 -28.9667 -65.3026 

POSE_END

avgDiffs -72.4103
AVGDIFFS_END

floorLevels 345
FLOORLEVELS_END

