pose_0 5.86914 -63.8446 -9.47751 
pose_0 1.14988 -46.1004 -7.84785 
pose_0 12.218 -41.489 -5.83602 
pose_0 30.9417 -24.0044 0.882303 
pose_0 8.22458 -20.8378 16.3844 
pose_0 -10.1082 -42.1963 -8.38323 
pose_0 -25.5882 -22.9614 -6.74437 
pose_0 -15.1631 -7.49972 -9.27328 
pose_0 8.25477 -2.58488 7.6906 
pose_0 -30.7111 28.2375 7.8554 
pose_0 -27.0376 62.7341 22.0093 
pose_0 -9.80741 1.2225 -5.59094 
pose_0 8.57719 45.4489 14.4091 
pose_0 22.5142 76.3411 27.8512 
pose_0 0 0 0 
pose_0 -1.13928 -22.3817 -4.89153 
pose_0 3.51276 -51.9791 -4.7024 
pose_0 8.26281 -25.8498 21.8221 
pose_0 -11.915 -3.66642 -11.3959 
pose_0 -31.9171 67.9255 17.6297 
pose_0 13.4565 81.3456 26.1059 

pose_1 -10.7638 -57.4437 -16.4734 
pose_1 -10.1044 -40.6343 -9.34317 
pose_1 3.97692 -37.493 -9.87514 
pose_1 23.1315 -27.5211 7.18897 
pose_1 9.89931 -16.5064 16.1836 
pose_1 -20.522 -34.4324 -8.86369 
pose_1 -30.8604 -13.602 3.3913 
pose_1 -20.9209 -3.92153 3.58124 
pose_1 6.72472 -1.99863 7.22824 
pose_1 4.4889 40.7839 21.5804 
pose_1 9.78354 76.1306 28.6005 
pose_1 -8.99974 0.478092 -4.31746 
pose_1 -30.5881 32.6755 6.46703 
pose_1 -31.3212 64.8562 19.6104 
pose_1 0 0 0 
pose_1 -1.87527 -18.5292 -4.97917 
pose_1 -9.404 -47.5083 -7.26134 
pose_1 4.59905 -14.499 19.3016 
pose_1 -21.5764 -0.336178 7.89153 
pose_1 5.41966 77.4672 40.3626 
pose_1 -39.8627 65.5832 33.2483 

POSE_END

avgDiffs -74.3183
AVGDIFFS_END

floorLevels 2
FLOORLEVELS_END

