pose_0 14.6628 -15.8958 -3.52648 
pose_0 6.4198 -14.8686 13.7277 
pose_0 9.66401 1.25223 -1.82013 
pose_0 -0.704776 -0.554465 -7.74907 
pose_0 18.6009 -16.757 -28.3533 
pose_0 11.1889 -9.65081 -5.31702 
pose_0 6.98824 1.15616 -32.8118 
pose_0 15.3645 -33.859 -9.22248 
pose_0 5.19159 -0.177517 1.02911 
pose_0 6.55147 32.489 13.772 
pose_0 7.45498 -0.44131 -44.0578 
pose_0 -4.10369 3.50213 -3.68748 
pose_0 -7.4546 34.8454 9.60474 
pose_0 12.024 54.7244 0.861465 
pose_0 0 0 0 
pose_0 -1.80228 -16.5007 -13.4586 
pose_0 16.4271 -3.10791 0.102949 
pose_0 22.7166 -29.7489 -27.1274 
pose_0 30.5109 -24.0252 -4.46386 
pose_0 5.66704 72.1237 20.0526 
pose_0 6.64391 71.6624 14.8095 

pose_1 -2.9997 -58.9723 -15.0113 
pose_1 -4.39892 -44.0331 -8.52416 
pose_1 -12.9177 -39.6263 -11.498 
pose_1 24.8032 -25.647 3.95679 
pose_1 13.1177 -9.57659 11.9553 
pose_1 -13.3322 -38.7538 -7.24927 
pose_1 -27.7032 -14.8213 -6.3572 
pose_1 -15.4148 -4.05451 -11.8846 
pose_1 6.20206 -2.49192 7.53387 
pose_1 2.70486 40.5248 23.3566 
pose_1 8.90359 73.791 29.2677 
pose_1 -8.0362 0.809072 -4.54916 
pose_1 -31.9082 30.2298 -1.26952 
pose_1 -34.271 57.6464 17.5472 
pose_1 0 0 0 
pose_1 -2.40298 -21.9356 -5.58202 
pose_1 -2.77077 -48.7889 -8.21669 
pose_1 -18.0449 1.83672 -4.95208 
pose_1 -16.6593 -0.0127112 -10.1725 
pose_1 4.05389 74.633 40.9599 
pose_1 -43.2532 62.39 26.0025 

POSE_END

avgDiffs -73.8496
AVGDIFFS_END

floorLevels 2
FLOORLEVELS_END

