pose_0 38.074 -22.2006 13.9602 
pose_0 4.49895 -29.5507 -17.4091 
pose_0 6.37659 -32.4109 -13.3319 
pose_0 34.058 -16.9813 -31.7929 
pose_0 -4.06645 8.25493 15.1303 
pose_0 29.0083 -18.1438 5.55521 
pose_0 5.7132 9.27232 -33.0108 
pose_0 -11.3393 11.7348 -8.68197 
pose_0 4.5588 -1.7499 6.04015 
pose_0 9.25911 34.3717 20.303 
pose_0 40.0289 -12.5726 -41.8816 
pose_0 -5.98852 3.62796 -4.5594 
pose_0 -10.4542 35.9028 7.82626 
pose_0 43.3228 -6.57502 -39.2421 
pose_0 0 0 0 
pose_0 3.36797 -12.792 -12.3225 
pose_0 33.7666 -17.2441 7.00287 
pose_0 42.9947 -26.6193 -35.3353 
pose_0 42.1799 -26.0562 -11.7121 
pose_0 41.5621 -37.3665 -45.0442 
pose_0 38.2543 -31.8568 -52.649 

pose_1 4.0566 -66.6609 -4.45192 
pose_1 -1.86775 -46.9022 -6.04312 
pose_1 10.7576 -42.3063 -7.45405 
pose_1 25.8115 -23.7016 -6.19842 
pose_1 15.9917 -8.84613 5.73218 
pose_1 -14.0049 -43.4798 -3.97734 
pose_1 -31.1745 -25.7289 3.29856 
pose_1 -15.5058 -10.0081 -0.340465 
pose_1 10.5706 -1.46095 2.40206 
pose_1 7.0501 30.7702 37.6569 
pose_1 9.39012 61.8556 52.395 
pose_1 -11.1562 0.0843079 -0.623226 
pose_1 -1.49579 36.6436 28.5861 
pose_1 2.98733 74.4593 37.0179 
pose_1 0 0 0 
pose_1 -0.778841 -22.035 -4.53196 
pose_1 0.52854 -53.5451 -1.2987 
pose_1 14.7161 -5.13555 10.2937 
pose_1 -10.4393 -12.81 7.09936 
pose_1 10.582 60.4417 62.6999 
pose_1 -0.243802 74.51 47.959 

POSE_END

avgDiffs 70.9227
AVGDIFFS_END

floorLevels 4
FLOORLEVELS_END

