pose_0 0.0811403 -66.0902 -3.79736 
pose_0 -2.64494 -45.5853 -7.46694 
pose_0 9.26545 -41.7917 -7.37049 
pose_0 29.2265 -27.5983 -3.82283 
pose_0 12.6796 -14.5565 -1.43736 
pose_0 -14.7177 -42.3722 -5.62658 
pose_0 -29.5027 -27.1453 -1.44905 
pose_0 -14.9207 -10.5417 -7.14453 
pose_0 8.93487 -0.739661 0.793185 
pose_0 -13.9535 43.0833 12.8473 
pose_0 -20.2845 75.3693 36.7286 
pose_0 -10.596 0.00188674 0.983308 
pose_0 18.0317 43.7614 14.6829 
pose_0 26.3556 73.3533 37.9431 
pose_0 0 0 0 
pose_0 -1.37694 -22.0345 -3.14169 
pose_0 -2.09194 -53.1606 -3.73322 
pose_0 8.16862 -15.7265 -2.59368 
pose_0 -9.52018 -10.5392 -8.06297 
pose_0 -18.6883 85.5347 24.8779 
pose_0 30.8006 85.8489 25.0753 

pose_1 42.6468 -19.0998 5.52121 
pose_1 26.2038 -12.9186 8.29184 
pose_1 8.37187 -32.4848 -14.4885 
pose_1 9.92153 -7.6045 -4.04689 
pose_1 -6.60811 7.97362 16.1716 
pose_1 -5.60824 -31.8657 -12.5732 
pose_1 7.90637 8.75851 -31.7018 
pose_1 30.5224 2.47524 -24.7355 
pose_1 5.10108 -1.91665 6.10078 
pose_1 5.77474 36.4856 19.1133 
pose_1 32.9929 -21.9814 -56.3409 
pose_1 3.01643 3.68169 -6.73141 
pose_1 -11.6879 34.6451 8.42366 
pose_1 34.264 -18.6173 -52.8538 
pose_1 0 0 0 
pose_1 3.74951 -13.0603 -12.7523 
pose_1 37.6579 -16.0732 2.46233 
pose_1 42.0176 27.4421 -11.7992 
pose_1 37.6249 -32.2037 -17.3197 
pose_1 36.9481 -35.512 -68.4271 
pose_1 40.558 -36.0652 -66.3894 

POSE_END

avgDiffs -73.3509
AVGDIFFS_END

floorLevels 5
FLOORLEVELS_END

