pose_0 1.33434 -65.9928 -4.44709 
pose_0 -0.810178 -46.5052 -7.84392 
pose_0 12.6228 -42.6001 -6.54846 
pose_0 30.2717 -22.5905 -3.52781 
pose_0 15.5292 -8.05984 -3.14207 
pose_0 -12.6817 -41.8124 -7.99799 
pose_0 -28.9263 -25.5397 5.49411 
pose_0 -11.2451 -10.4283 3.23752 
pose_0 9.73895 0.619017 -4.87847 
pose_0 6.56607 41.3113 19.7778 
pose_0 -11.5505 52.4748 3.45697 
pose_0 -10.1499 -1.51169 5.21572 
pose_0 1.84715 37.111 29.3226 
pose_0 -2.59686 60.0626 38.1069 
pose_0 0 0 0 
pose_0 -0.0366859 -21.334 -6.11792 
pose_0 -0.482042 -54.1353 -2.26539 
pose_0 9.87482 -13.6316 4.16166 
pose_0 -5.35657 -10.4413 5.43673 
pose_0 -10.3325 62.9375 15.0728 
pose_0 1.53751 65.1137 42.3381 

pose_1 38.9986 -17.2488 -1.81005 
pose_1 26.0442 0.268834 1.78572 
pose_1 -4.81219 -32.5892 -9.7493 
pose_1 10.2224 -6.74413 -3.48495 
pose_1 -4.33157 7.75023 13.9475 
pose_1 -4.64729 -32.4148 -9.16422 
pose_1 5.33882 9.44766 -31.8721 
pose_1 -11.9754 10.4688 -7.08411 
pose_1 -0.512841 -2.00112 6.43108 
pose_1 6.90936 36.2553 17.5219 
pose_1 29.8582 -15.9354 -52.5924 
pose_1 -5.94034 3.37592 -4.24758 
pose_1 -10.1665 36.0204 7.97547 
pose_1 33.0289 -12.6624 -52.7232 
pose_1 0 0 0 
pose_1 2.11572 -13.8743 -12.0124 
pose_1 32.3407 3.08185 0.930534 
pose_1 -21.2993 17.4012 19.8404 
pose_1 42.8828 -39.585 -10.2225 
pose_1 39.7381 -30.1182 -66.8568 
pose_1 27.8777 70.9603 1.97532 

POSE_END

avgDiffs -76.2431
AVGDIFFS_END

floorLevels 0
FLOORLEVELS_END

