pose_0 -0.356514 -66.7624 2.16554 
pose_0 -0.918277 -45.5924 0.0398812 
pose_0 -8.61662 -40.394 -9.23279 
pose_0 -18.1906 -12.56 -10.8229 
pose_0 -20.4017 8.56139 -20.7043 
pose_0 6.42275 -42.459 7.76487 
pose_0 11.652 -17.5306 22.2364 
pose_0 15.8918 7.61395 21.7944 
pose_0 -5.33311 0.629651 -7.76813 
pose_0 13.3384 42.7827 3.80777 
pose_0 -2.20495 72.6382 7.78588 
pose_0 4.35403 -0.777524 7.74441 
pose_0 5.62237 42.0144 21.4838 
pose_0 -3.64 77.813 24.0126 
pose_0 0 0 0 
pose_0 -0.743219 -21.6687 1.50148 
pose_0 0.120382 -52.1271 -0.923811 
pose_0 -20.179 18.0322 -26.6767 
pose_0 18.5497 13.8644 25.2539 
pose_0 6.89015 84.5592 6.69558 
pose_0 7.71943 82.2847 23.5026 

pose_1 52.8339 1.43244 12.7817 
pose_1 2.59234 -30.6401 -18.3002 
pose_1 8.58988 -32.7055 -14.8885 
pose_1 12.4233 -0.908856 0.116385 
pose_1 -6.8991 7.82515 14.0915 
pose_1 4.83429 -29.3724 -18.0866 
pose_1 6.16756 11.1542 -32.7662 
pose_1 -12.3731 11.8701 -10.9949 
pose_1 5.35052 -1.87973 5.77679 
pose_1 8.03687 33.9141 21.1858 
pose_1 -7.04809 59.2945 30.3908 
pose_1 -6.18189 3.71891 -4.55526 
pose_1 -8.93441 36.4807 7.83029 
pose_1 54.4664 18.2277 -20.4706 
pose_1 0 0 0 
pose_1 3.60836 -12.5846 -12.9067 
pose_1 45.6896 0.785728 6.86941 
pose_1 60.972 -19.1168 -16.093 
pose_1 45.0435 0.226064 -21.3782 
pose_1 61.4226 -28.5322 -1.00994 
pose_1 43.0599 64.9943 -2.65397 

POSE_END

avgDiffs -61.6571
AVGDIFFS_END

floorLevels 367
FLOORLEVELS_END

