pose_0 0.897335 -66.6104 -4.86195 
pose_0 0.540194 -46.1778 -5.89547 
pose_0 12.4562 -41.465 -2.55742 
pose_0 29.7059 -22.2786 2.27416 
pose_0 16.6386 -10.7967 9.20269 
pose_0 -12.0684 -43.4562 -4.05328 
pose_0 -28.6678 -23.236 2.14583 
pose_0 -15.15 -10.8449 4.45836 
pose_0 12.2615 -0.831119 1.09615 
pose_0 -0.956827 39.2562 22.1027 
pose_0 -1.91793 72.3281 42.7509 
pose_0 -11.6328 -0.64487 1.33769 
pose_0 9.50795 40.654 22.0982 
pose_0 3.25864 79.4127 34.5321 
pose_0 0 0 0 
pose_0 0.175472 -22.8037 -2.21295 
pose_0 0.2935 -54.7131 -1.79749 
pose_0 4.6854 -13.0498 9.87246 
pose_0 -10.6958 -10.7421 6.2462 
pose_0 -2.77723 78.8721 39.8617 
pose_0 1.73352 80.2454 41.5276 

pose_1 -3.12077 -65.1834 -12.8958 
pose_1 -6.4398 -43.0275 -13.2493 
pose_1 5.21507 -41.2808 -13.3477 
pose_1 26.1457 -25.0445 -7.78989 
pose_1 18.3325 -8.09206 -10.0177 
pose_1 -16.2312 -39.3384 -12.775 
pose_1 -24.8341 -16.2365 -9.39023 
pose_1 -17.6891 -8.23513 -0.288426 
pose_1 7.85324 -0.359435 -0.618964 
pose_1 3.87852 46.4022 8.72155 
pose_1 1.56349 81.9091 24.6089 
pose_1 -8.15524 0.439563 1.46804 
pose_1 -6.33471 45.0304 17.5443 
pose_1 -3.78795 82.9054 27.521 
pose_1 0 0 0 
pose_1 -0.764713 -19.5701 -7.44094 
pose_1 -5.31043 -50.8587 -13.053 
pose_1 10.4722 -13.7632 -6.93893 
pose_1 -17.4279 -8.67326 4.89721 
pose_1 5.70857 82.5779 38.6085 
pose_1 1.03141 82.382 40.3842 

POSE_END

avgDiffs -73.8235
AVGDIFFS_END

floorLevels 0
FLOORLEVELS_END

