pose_0 -1.91448 -66.301 -6.9823 
pose_0 -2.5472 -44.7243 -7.98756 
pose_0 9.44488 -41.4147 -9.02109 
pose_0 29.6763 -26.6731 -3.97191 
pose_0 13.589 -14.7553 2.05833 
pose_0 -14.4145 -41.695 -6.91161 
pose_0 -31.6459 -27.4494 0.297388 
pose_0 -13.8958 -13.0156 -6.10023 
pose_0 9.89101 -2.19307 4.5697 
pose_0 -15.2439 40.5251 20.4362 
pose_0 -18.937 75.5072 36.6768 
pose_0 -12.3187 -0.0178341 -1.96916 
pose_0 14.5203 44.8889 12.6666 
pose_0 24.9474 73.4958 34.4182 
pose_0 0 0 0 
pose_0 -1.33301 -20.8513 -3.78734 
pose_0 -2.68492 -51.8017 -3.11445 
pose_0 6.51009 -16.6373 3.43723 
pose_0 -11.8932 -14.1223 -2.9434 
pose_0 -15.2933 85.9391 21.0216 
pose_0 28.6389 85.3733 20.3524 

pose_1 39.997 -19.8283 8.82123 
pose_1 25.3299 -12.4927 9.7186 
pose_1 8.32967 -32.1467 -14.3243 
pose_1 1.04145 0.471313 3.43812 
pose_1 -6.41592 8.52146 16.166 
pose_1 -6.81351 -31.7694 -12.7913 
pose_1 6.16437 9.20324 -32.4959 
pose_1 28.2129 2.16462 -21.7263 
pose_1 4.69956 -1.89045 6.04637 
pose_1 4.47784 36.3732 19.425 
pose_1 32.798 -20.7284 -55.4736 
pose_1 -5.88979 3.96112 -4.71095 
pose_1 -0.812449 32.9513 7.46267 
pose_1 34.6225 -22.7566 -50.9326 
pose_1 0 0 0 
pose_1 3.51906 -13.2493 -12.6397 
pose_1 29.5883 -15.8201 14.5486 
pose_1 -6.71876 9.44754 24.1887 
pose_1 35.4136 -31.5493 -15.8173 
pose_1 38.7444 -38.3669 -67.458 
pose_1 38.5449 -36.6582 -64.7473 

POSE_END

avgDiffs -72.8794
AVGDIFFS_END

floorLevels 3
FLOORLEVELS_END

