pose_0 2.713 -66.5744 -4.89875 
pose_0 0.0886661 -46.4102 -5.58474 
pose_0 12.5019 -41.7823 -2.96349 
pose_0 29.9917 -21.876 0.249552 
pose_0 16.118 -10.7602 6.13009 
pose_0 -12.3623 -43.6604 -3.94539 
pose_0 -28.6757 -23.551 3.35223 
pose_0 -13.129 -10.1891 2.90684 
pose_0 11.9105 -0.689183 -0.235748 
pose_0 -2.07317 40.0118 20.6113 
pose_0 -3.02 73.2654 41.5002 
pose_0 -11.5234 -0.601151 1.79371 
pose_0 8.04549 41.1636 21.0696 
pose_0 2.32145 79.6795 35.3234 
pose_0 0 0 0 
pose_0 -0.0312548 -22.776 -2.27757 
pose_0 0.700046 -54.2234 -0.594324 
pose_0 6.94916 -12.6243 5.92389 
pose_0 -11.19 -10.839 8.03383 
pose_0 -3.60445 79.7248 38.8163 
pose_0 0.042029 80.43 43.2459 

pose_1 -4.04212 -64.7211 -12.7297 
pose_1 -7.24526 -42.8992 -12.6517 
pose_1 4.76487 -41.4781 -13.3375 
pose_1 26.0771 -25.1024 -7.31224 
pose_1 18.2445 -8.71796 -8.90549 
pose_1 -17.0105 -39.2976 -12.3722 
pose_1 -25.6469 -16.4595 -9.06258 
pose_1 -18.3357 -8.22473 0.0598482 
pose_1 7.9774 -0.437316 -0.782865 
pose_1 4.35109 46.0525 9.49288 
pose_1 3.20878 81.8605 24.2556 
pose_1 -8.40198 0.380296 1.57362 
pose_1 -6.78846 45.06 17.565 
pose_1 -3.63971 82.7044 27.5259 
pose_1 0 0 0 
pose_1 -0.787724 -19.5229 -7.1922 
pose_1 -6.1418 -51.1248 -13.5046 
pose_1 10.333 -13.8947 -5.37871 
pose_1 -18.0065 -8.72119 5.20039 
pose_1 5.93074 82.269 39.0775 
pose_1 1.14372 82.1513 40.6472 

POSE_END

avgDiffs -73.356
AVGDIFFS_END

floorLevels 3
FLOORLEVELS_END

