pose_0 0.221046 -66.4105 -4.96886 
pose_0 0.395749 -46.0684 -5.37308 
pose_0 12.5529 -41.3678 -2.60928 
pose_0 30.1236 -21.8614 1.3059 
pose_0 17.0322 -10.3542 9.00628 
pose_0 -12.4284 -43.5987 -3.01057 
pose_0 -29.2005 -22.6192 2.58813 
pose_0 -16.1107 -9.67951 4.84154 
pose_0 12.2569 -0.792298 0.828093 
pose_0 -4.20107 40.0651 20.0665 
pose_0 -2.48191 73.6268 39.3168 
pose_0 -11.915 -0.402594 0.80684 
pose_0 9.12663 40.9177 21.2988 
pose_0 2.16153 80.0294 32.1744 
pose_0 0 0 0 
pose_0 -0.0105202 -22.8038 -2.17609 
pose_0 0.107169 -54.7399 -1.34644 
pose_0 4.97853 -12.7429 10.9582 
pose_0 -11.296 -9.84252 6.74292 
pose_0 -3.19743 79.9777 36.6002 
pose_0 0.774232 80.8218 38.8525 

pose_1 40.0583 -19.859 5.87671 
pose_1 30.8816 -19.0044 5.73279 
pose_1 9.01989 -28.387 -14.8967 
pose_1 10.1799 -7.06266 -3.05522 
pose_1 -7.43786 9.25098 15.4801 
pose_1 28.7163 -16.6669 0.324625 
pose_1 6.79052 9.92701 -31.2746 
pose_1 -9.18375 10.363 -6.20371 
pose_1 -0.651677 -1.76037 6.76233 
pose_1 8.62594 36.7538 18.8716 
pose_1 33.0038 63.0825 19.7337 
pose_1 -5.00233 3.06321 -4.48527 
pose_1 -3.95659 36.3662 5.76787 
pose_1 35.6592 -30.347 -48.8813 
pose_1 0 0 0 
pose_1 3.05208 -13.2713 -11.7337 
pose_1 33.8855 -23.1309 10.2918 
pose_1 42.8822 -28.93 -37.0766 
pose_1 37.1684 -37.796 -16.2494 
pose_1 36.923 -39.5798 -56.7691 
pose_1 38.646 -37.4512 -61.0119 

POSE_END

avgDiffs -73.3381
AVGDIFFS_END

floorLevels 1
FLOORLEVELS_END

