pose_0 -2.45922 -65.3682 16.0491 
pose_0 -0.0676313 -45.5852 1.16763 
pose_0 8.38978 -42.409 6.66661 
pose_0 24.9437 -24.3954 17.7887 
pose_0 3.33899 -11.9115 22.2542 
pose_0 -10.2622 -41.3039 -8.4574 
pose_0 -15.0759 -11.8519 -21.7568 
pose_0 -12.6502 2.97628 -17.7157 
pose_0 5.43415 -1.80031 9.47338 
pose_0 7.69935 40.4859 25.7869 
pose_0 27.7599 74.726 24.63 
pose_0 -6.07325 2.01972 -9.68195 
pose_0 -29.4334 33.6466 15.5002 
pose_0 -17.6184 66.9681 27.9216 
pose_0 0 0 0 
pose_0 -0.937512 -22.5921 -0.873269 
pose_0 -1.94585 -51.2021 6.48474 
pose_0 -0.800819 -6.03975 27.6167 
pose_0 -14.4831 8.25824 -15.1944 
pose_0 21.8399 80.0997 31.1135 
pose_0 -27.7894 66.1821 39.621 

pose_1 51.8592 -11.4019 3.1909 
pose_1 -5.71958 -29.7541 -18.2572 
pose_1 9.87738 -31.7743 -15.255 
pose_1 10.8331 -1.78796 -2.0319 
pose_1 -5.29732 7.93412 13.2453 
pose_1 2.6573 -29.6584 -18.8151 
pose_1 11.3825 3.91717 -33.2561 
pose_1 -9.53771 10.5986 -10.774 
pose_1 4.02595 -2.1545 5.78488 
pose_1 6.54066 35.9057 19.2608 
pose_1 49.5364 -17.4036 -21.6713 
pose_1 -5.29263 4.07254 -5.19072 
pose_1 4.4276 33.0127 6.84751 
pose_1 49.8537 -4.84648 -22.3917 
pose_1 0 0 0 
pose_1 3.71993 -13.3243 -12.6787 
pose_1 42.3226 -9.75642 8.85721 
pose_1 52.1395 -16.7204 -15.6542 
pose_1 51.2005 -21.4225 -3.30559 
pose_1 37.7795 64.3728 5.45905 
pose_1 38.8632 65.5746 -1.99565 

POSE_END

avgDiffs -64.0659
AVGDIFFS_END

floorLevels 0
FLOORLEVELS_END

