pose_0 58.181 -8.08981 10.2238 
pose_0 -5.41431 -27.112 -19.0306 
pose_0 9.53222 -25.0599 -18.0122 
pose_0 13.3874 -1.66203 -1.24922 
pose_0 58.0872 -14.2157 -14.461 
pose_0 2.19662 -28.5393 -17.5236 
pose_0 9.81683 13.2731 -29.2675 
pose_0 56.0934 -18.3569 -2.27327 
pose_0 3.75111 -2.09867 6.37628 
pose_0 9.19752 35.7968 22.3324 
pose_0 2.74996 60.2911 33.2124 
pose_0 -5.64202 4.02777 -5.22684 
pose_0 4.34666 32.3427 9.07535 
pose_0 2.81773 64.7001 25.8264 
pose_0 0 0 0 
pose_0 4.00353 -12.3788 -13.6846 
pose_0 48.8607 1.38956 7.45031 
pose_0 62.7222 -18.9642 -16.8971 
pose_0 60.5921 -19.2704 -1.67516 
pose_0 64.8288 -20.349 1.88615 
pose_0 -10.1939 72.3599 28.3576 

pose_1 -2.75179 -66.09 1.81617 
pose_1 0.596585 -46.935 -0.440024 
pose_1 -9.61887 -41.0066 -7.04221 
pose_1 -23.6059 -16.4981 -5.55151 
pose_1 -21.8003 4.84064 -16.027 
pose_1 10.9657 -42.7253 7.0226 
pose_1 20.2715 -18.0793 18.2403 
pose_1 20.4164 -5.72374 13.0286 
pose_1 -9.45067 -0.590652 -1.96173 
pose_1 -2.53528 42.7211 15.6843 
pose_1 -7.16296 72.6765 38.2492 
pose_1 10.0098 -0.416409 1.97337 
pose_1 1.27789 44.1949 9.10392 
pose_1 -5.51173 76.0945 39.0821 
pose_1 0 0 0 
pose_1 0.409072 -22.7408 1.26794 
pose_1 0.271631 -53.6942 -4.18873 
pose_1 -21.7469 14.9764 -21.0204 
pose_1 22.097 -4.41958 15.2277 
pose_1 -12.241 79.5215 36.3578 
pose_1 -10.0738 79.0512 38.5635 

POSE_END

avgDiffs 60.6188
AVGDIFFS_END

floorLevels 370
FLOORLEVELS_END

