pose_0 12.3183 -60.6766 -13.8297 
pose_0 5.1711 -45.0322 -6.33097 
pose_0 -4.95271 -41.3694 -13.9484 
pose_0 -17.4508 -17.0512 -14.1678 
pose_0 -21.7351 4.17804 -19.3005 
pose_0 14.5853 -40.7662 2.02437 
pose_0 16.0542 -19.6894 17.012 
pose_0 13.3351 -37.4357 -8.20416 
pose_0 -7.31007 0.458715 -7.81228 
pose_0 12.2806 44.8122 -9.51951 
pose_0 -6.52971 71.3099 3.23331 
pose_0 6.80995 -0.276067 7.83847 
pose_0 9.38267 42.4172 18.6461 
pose_0 -7.53608 71.675 21.8885 
pose_0 0 0 0 
pose_0 1.93972 -21.9762 -1.4526 
pose_0 8.16222 -48.2476 -13.1346 
pose_0 -24.8744 11.9184 -22.2388 
pose_0 14.5559 -41.7813 -14.9995 
pose_0 0.981682 82.464 0.289726 
pose_0 1.23444 83.2261 10.3299 

pose_1 51.8493 -12.0606 11.2331 
pose_1 32.3879 8.62305 8.6668 
pose_1 4.90991 -35.3184 -10.1744 
pose_1 45.2164 -10.6641 -30.051 
pose_1 39.0247 22.2893 -11.8997 
pose_1 33.4975 2.79117 5.40467 
pose_1 8.19301 1.5665 -34.0176 
pose_1 40.6074 17.2741 -9.2803 
pose_1 1.91792 -1.52333 4.72061 
pose_1 8.39691 32.7317 20.6662 
pose_1 -3.44023 57.5997 32.3901 
pose_1 -4.50017 3.69002 -4.42395 
pose_1 -8.20611 34.1228 9.64902 
pose_1 30.1485 65.8249 8.0631 
pose_1 0 0 0 
pose_1 0.148409 -16.8728 -12.7552 
pose_1 39.2456 7.88635 13.4705 
pose_1 53.48 -19.9338 -29.9378 
pose_1 53.6234 -21.9167 1.30779 
pose_1 25.8407 69.1985 18.4932 
pose_1 24.347 70.0083 2.19473 

POSE_END

avgDiffs 60.6884
AVGDIFFS_END

floorLevels 0
FLOORLEVELS_END

