pose_0 0.490901 -66.2999 -9.89822 
pose_0 -0.114793 -45.5456 -10.7532 
pose_0 11.469 -41.4265 -9.11449 
pose_0 31.9985 -26.4057 -2.1765 
pose_0 11.4773 -14.9968 8.46079 
pose_0 -12.9485 -44.3854 -9.0227 
pose_0 -31.1961 -27.2918 -6.4772 
pose_0 -16.6678 -13.2943 -6.78305 
pose_0 8.76871 -2.41521 6.23415 
pose_0 -18.3946 39.1987 22.0246 
pose_0 -17.3131 76.1456 35.9293 
pose_0 -10.2924 1.08409 -4.63802 
pose_0 12.1176 44.8637 14.7721 
pose_0 23.467 72.618 34.9629 
pose_0 0 0 0 
pose_0 -0.205754 -22.2583 -5.52375 
pose_0 0.402166 -53.488 -7.5325 
pose_0 4.83726 -16.2321 10.745 
pose_0 -12.2416 -9.85694 -9.00624 
pose_0 -14.8646 85.6235 22.4734 
pose_0 27.6727 84.1853 22.915 

pose_1 -12.4413 -55.2063 -5.1481 
pose_1 -11.8408 -37.5791 -0.299602 
pose_1 3.89294 -36.1489 -2.31633 
pose_1 19.9397 -29.2458 5.86139 
pose_1 16.753 -14.8991 14.0298 
pose_1 -23.815 -27.1246 -5.5315 
pose_1 -29.1286 -11.5058 -5.87438 
pose_1 -9.79062 -44.4008 -34.3366 
pose_1 4.55668 -2.44468 6.38774 
pose_1 11.4123 44.4939 9.87919 
pose_1 17.3357 80.3792 24.8577 
pose_1 -7.71434 0.765258 -5.51363 
pose_1 -17.7373 44.9777 4.44034 
pose_1 16.2404 81.6578 24.1456 
pose_1 0 0 0 
pose_1 -1.66187 -19.0414 -2.40091 
pose_1 -11.2978 -43.334 -0.118141 
pose_1 21.0051 -11.8958 22.3784 
pose_1 -16.647 -16.028 -9.86138 
pose_1 9.80519 85.0722 27.5132 
pose_1 -26.0459 84.1587 28.6159 

POSE_END

avgDiffs -72.3758
AVGDIFFS_END

floorLevels 3
FLOORLEVELS_END

