pose_0 5.14289 -66.3234 -5.7238 
pose_0 0.792698 -46.7802 -6.77914 
pose_0 13.5217 -42.9701 -5.22757 
pose_0 29.6135 -22.4213 -2.21968 
pose_0 15.449 -11.0978 2.08631 
pose_0 -12.2721 -44.1557 -3.51013 
pose_0 -28.1937 -25.1618 4.13828 
pose_0 -15.8432 -11.6974 5.81781 
pose_0 11.3019 -0.232766 -1.05055 
pose_0 -2.54113 42.1326 18.4259 
pose_0 1.39331 73.502 42.0224 
pose_0 -11.1972 -0.711853 3.49319 
pose_0 11.7113 40.5331 22.5617 
pose_0 8.39105 65.0024 49.0925 
pose_0 0 0 0 
pose_0 -0.323949 -22.6067 -3.13189 
pose_0 2.31423 -54.8211 -3.84548 
pose_0 6.94929 -12.6746 0.498237 
pose_0 -11.6039 -11.6598 7.15826 
pose_0 0.878168 82.8993 38.9963 
pose_0 3.08667 82.6451 45 

pose_1 -6.14523 -62.5852 -15.4557 
pose_1 -8.3109 -41.8762 -16.9308 
pose_1 3.32373 -40.1565 -16.7778 
pose_1 25.6567 -24.2845 -10.3517 
pose_1 17.9658 -7.32742 -6.87412 
pose_1 -17.0992 -37.7855 -14.6578 
pose_1 -25.5898 -15.2278 -10.3932 
pose_1 -19.2371 -7.88913 -0.518311 
pose_1 7.06752 0.112593 -1.29363 
pose_1 3.80982 45.2767 6.01569 
pose_1 2.88429 83.0462 23.2752 
pose_1 -8.21164 -0.208265 1.89464 
pose_1 -6.00226 45.4415 15.9392 
pose_1 -3.4342 83.3333 26.7705 
pose_1 0 0 0 
pose_1 -1.4788 -19.2838 -9.0765 
pose_1 -6.59633 -49.2942 -17.4827 
pose_1 10.2689 -12.7435 -5.54988 
pose_1 -18.9524 -8.16002 4.38095 
pose_1 5.49507 83.0613 37.3219 
pose_1 -0.164006 82.825 38.4643 

POSE_END

avgDiffs -71.4256
AVGDIFFS_END

floorLevels 1
FLOORLEVELS_END

