pose_0 0.723296 -66.6926 -0.811768 
pose_0 -0.0223115 -45.9035 -1.57467 
pose_0 -7.91163 -41.2028 -10.7988 
pose_0 -17.3471 -13.3972 -13.2918 
pose_0 -18.8017 8.81738 -21.7877 
pose_0 7.27295 -43.069 6.57038 
pose_0 11.3005 -15.6637 24.0016 
pose_0 16.0385 11.0006 21.2925 
pose_0 -6.01519 0.460944 -8.04233 
pose_0 13.76 41.9262 4.51149 
pose_0 -0.883679 73.3878 11.4115 
pose_0 6.04567 -0.86127 7.90884 
pose_0 9.35064 40.5075 23.928 
pose_0 -1.43227 69.3431 28.6125 
pose_0 0 0 0 
pose_0 -0.57851 -22.1976 1.38041 
pose_0 0.860359 -52.1045 -3.41802 
pose_0 -19.1893 17.4199 -26.2006 
pose_0 18.9706 16.5613 24.1658 
pose_0 8.58967 79.0943 13.4932 
pose_0 8.32835 79.9345 21.6561 

pose_1 54.8864 -2.92306 10.9012 
pose_1 2.00152 -34.7494 -17.1826 
pose_1 8.64185 -31.9732 -15.1009 
pose_1 13.7558 -8.27021 -3.20142 
pose_1 -7.12315 8.53156 15.1399 
pose_1 4.82738 -28.7906 -18.6728 
pose_1 7.11288 10.7578 -31.3821 
pose_1 -12.0827 11.8427 -11.2708 
pose_1 5.74503 -1.87612 5.90602 
pose_1 8.77898 33.643 22.0771 
pose_1 -7.45365 58.5824 31.2311 
pose_1 -6.05268 3.72544 -4.56979 
pose_1 -9.12071 35.8523 8.83919 
pose_1 42.708 56.6665 -6.99914 
pose_1 0 0 0 
pose_1 3.26499 -12.8281 -13.0656 
pose_1 45.5226 1.49399 4.16443 
pose_1 -3.57867 13.5102 29.3838 
pose_1 -26.3096 15.8618 -3.3933 
pose_1 63.2943 -25.3557 2.68329 
pose_1 46.6107 64.8643 -9.20922 

POSE_END

avgDiffs -61.1927
AVGDIFFS_END

floorLevels 4
FLOORLEVELS_END

