pose_0 -2.31072 -66.0879 -6.76838 
pose_0 -1.09405 -45.6054 -8.44773 
pose_0 12.7215 -41.0317 -10.6656 
pose_0 30.4375 -22.8693 -7.96419 
pose_0 17.2528 -10.3264 -4.16091 
pose_0 -13.0768 -42.9549 -5.24906 
pose_0 -28.5409 -24.8056 8.68833 
pose_0 -13.5162 -12.4417 14.7882 
pose_0 10.9015 0.479751 -4.20191 
pose_0 35.4405 22.4171 16.6133 
pose_0 32.4086 56.5694 19.5104 
pose_0 -10.2748 -1.7982 5.1624 
pose_0 -4.61356 37.6994 31.7459 
pose_0 -10.7669 71.5378 36.1224 
pose_0 0 0 0 
pose_0 -0.00272279 -21.7418 -4.77445 
pose_0 -1.26242 -52.5682 -3.63228 
pose_0 13.6007 -8.38338 -3.52564 
pose_0 -8.8447 -13.1391 18.2481 
pose_0 35.6832 64.9357 32.7788 
pose_0 -9.02321 74.2264 44.9064 

pose_1 41.3372 -14.7428 13.4091 
pose_1 28.1866 -15.7601 8.93283 
pose_1 7.16663 -31.7525 -15.7513 
pose_1 6.26165 -6.95713 -2.1326 
pose_1 -5.03088 7.5407 14.4342 
pose_1 29.919 -10.9889 3.21719 
pose_1 6.70541 10.9025 -32.5986 
pose_1 -11.9025 10.5001 -9.52536 
pose_1 4.53889 -1.49314 5.67622 
pose_1 5.6517 35.9943 18.4562 
pose_1 34.9232 -18.3037 -41.3181 
pose_1 -6.05517 3.79628 -4.57907 
pose_1 -9.77367 36.4368 5.64377 
pose_1 37.8898 -17.6421 -38.1187 
pose_1 0 0 0 
pose_1 3.19957 -15.5603 -12.3284 
pose_1 30.8737 -17.1717 12.6851 
pose_1 42.3063 25.5586 -14.4814 
pose_1 39.0289 -33.8064 -4.38351 
pose_1 42.3722 -30.1223 -56.7708 
pose_1 -7.30378 73.0795 29.8485 

POSE_END

avgDiffs -71.3993
AVGDIFFS_END

floorLevels 8
FLOORLEVELS_END

