pose_0 57.0821 -16.2873 10.0325 
pose_0 -4.15096 -30.2985 -18.4594 
pose_0 5.25866 -35.2089 -10.7978 
pose_0 8.52398 -7.12095 -7.88735 
pose_0 49.9628 -14.7559 -21.0168 
pose_0 2.44642 -30.8201 -16.4392 
pose_0 7.34423 8.86448 -30.9699 
pose_0 53.4736 -19.7646 -11.1335 
pose_0 1.35088 -1.80788 5.53661 
pose_0 11.9151 31.8313 21.6449 
pose_0 -0.134722 53.4778 36.7858 
pose_0 -4.79783 3.71968 -4.47942 
pose_0 -8.02656 33.2428 11.0949 
pose_0 36.4988 64.8232 4.69716 
pose_0 0 0 0 
pose_0 2.8157 -13.0868 -13.7069 
pose_0 45.5356 -10.5092 3.67345 
pose_0 54.3673 -20.8827 -27.1234 
pose_0 53.4159 -23.8674 -7.34721 
pose_0 60.912 -19.9007 -7.48275 
pose_0 35.3337 72.5192 7.23621 

pose_1 59.0433 -1.7651 9.16895 
pose_1 -1.18966 -28.917 -19.3694 
pose_1 8.14039 -29.0617 -16.4721 
pose_1 11.356 -6.89618 -3.66481 
pose_1 -7.71524 7.86819 14.6455 
pose_1 3.67323 -27.6846 -19.2154 
pose_1 6.78991 9.56994 -31.7104 
pose_1 -11.8071 8.97816 -9.30805 
pose_1 5.0903 -2.15792 5.89081 
pose_1 8.70926 32.2123 23.5657 
pose_1 -9.35929 68.529 23.1036 
pose_1 -6.21243 3.67591 -4.3056 
pose_1 1.74836 33.274 8.19847 
pose_1 61.0873 12.1693 -8.84616 
pose_1 0 0 0 
pose_1 2.78755 -13.3556 -13.3546 
pose_1 48.8015 5.43416 6.33086 
pose_1 58.6546 -14.321 -17.7461 
pose_1 56.9212 -14.6755 -7.32689 
pose_1 63.4124 -17.7344 -2.22703 
pose_1 -7.02856 71.1723 31.8099 

POSE_END

avgDiffs -57.7459
AVGDIFFS_END

floorLevels 3
FLOORLEVELS_END

