pose_0 4.26671 -63.8417 -10.6422 
pose_0 -0.112245 -45.9283 -9.61758 
pose_0 11.3016 -41.8315 -7.41548 
pose_0 29.348 -21.3904 -3.00344 
pose_0 12.657 -11.8209 -2.7849 
pose_0 -12.5105 -43.4621 -6.98255 
pose_0 -28.2219 -25.3775 3.88277 
pose_0 -14.8613 -10.144 -0.403051 
pose_0 9.77482 0.802404 -3.11143 
pose_0 -2.71511 39.8185 22.6603 
pose_0 -0.152648 70.2652 42.6245 
pose_0 -11.7363 -0.134187 3.50273 
pose_0 24.3118 38.8419 17.7163 
pose_0 27.3767 68.4484 34.0936 
pose_0 0 0 0 
pose_0 -1.68828 -21.7058 -4.80421 
pose_0 0.919931 -53.8067 -6.16489 
pose_0 3.13135 -10.1288 -6.931 
pose_0 -9.99054 -11.9286 0.907175 
pose_0 -1.9196 78.6107 37.559 
pose_0 39.0149 79.6609 18.836 

pose_1 -2.33462 -63.6253 -17.3446 
pose_1 -6.91274 -42.7333 -13.966 
pose_1 7.50674 -37.7986 -19.4167 
pose_1 28.9012 -22.1596 -13.5286 
pose_1 16.6641 -10.5967 -2.63654 
pose_1 -18.0637 -39.8828 -11.4253 
pose_1 -29.6771 -19.8137 2.52869 
pose_1 -20.177 -6.85784 10.3348 
pose_1 10.1898 -0.0509071 -1.47332 
pose_1 17.2637 39.1234 19.5668 
pose_1 8.62087 61.2051 24.0886 
pose_1 -11.1391 -0.851415 2.46889 
pose_1 -0.323354 40.7843 25.3513 
pose_1 -4.7224 73.3247 33.1301 
pose_1 0 0 0 
pose_1 -1.72983 -19.853 -8.49887 
pose_1 -2.99976 -50.5589 -15.3037 
pose_1 7.59947 -16.8684 0.627248 
pose_1 -19.0441 -7.29132 17.6437 
pose_1 15.9733 68.0918 31.2777 
pose_1 16.7259 69.1492 33.7492 

POSE_END

avgDiffs -72.401
AVGDIFFS_END

floorLevels 5
FLOORLEVELS_END

