pose_0 2.77361 -66.5024 -5.15876 
pose_0 0.144375 -46.3718 -5.90676 
pose_0 12.4617 -41.807 -3.12985 
pose_0 29.9154 -21.9853 0.0788694 
pose_0 16.1708 -10.8597 5.9629 
pose_0 -12.4031 -43.6307 -4.19745 
pose_0 -28.647 -23.5779 3.26586 
pose_0 -13.2473 -10.39 2.80043 
pose_0 11.8815 -0.644132 -0.197715 
pose_0 -2.14612 40.1557 20.2128 
pose_0 -3.05085 73.2987 41.3053 
pose_0 -11.5051 -0.594407 1.8553 
pose_0 8.06385 41.3175 20.6922 
pose_0 2.26111 79.699 35.2168 
pose_0 0 0 0 
pose_0 -0.0230319 -22.7988 -2.36635 
pose_0 0.788184 -54.2637 -1.05037 
pose_0 7.0012 -12.5602 5.74441 
pose_0 -11.3069 -10.94 7.90491 
pose_0 -3.57849 79.7755 38.6216 
pose_0 -0.00878513 80.4559 43.1892 

pose_1 -4.03422 -64.601 -12.9262 
pose_1 -7.32624 -42.8741 -12.9689 
pose_1 4.72532 -41.4771 -13.577 
pose_1 26.0474 -25.2891 -7.38447 
pose_1 18.2608 -8.85536 -9.07363 
pose_1 -17.0704 -39.1859 -12.4359 
pose_1 -25.5306 -16.6884 -8.58883 
pose_1 -18.2218 -8.3573 0.112006 
pose_1 8.01011 -0.434915 -0.886063 
pose_1 4.39374 46.0347 9.56453 
pose_1 3.20895 81.8502 24.1968 
pose_1 -8.36826 0.308226 1.80956 
pose_1 -6.74274 45.0621 17.5625 
pose_1 -3.61981 82.6655 27.5038 
pose_1 0 0 0 
pose_1 -0.840992 -19.5258 -7.327 
pose_1 -6.02144 -51.0454 -13.7438 
pose_1 10.2938 -14.1161 -5.91979 
pose_1 -17.8407 -8.80675 5.23836 
pose_1 5.93984 82.25 39.0447 
pose_1 1.13893 82.1299 40.5969 

POSE_END

avgDiffs -73.8223
AVGDIFFS_END

floorLevels 3
FLOORLEVELS_END

