pose_0 49.2903 -24.3426 17.9715 
pose_0 -4.34858 -30.421 -16.8505 
pose_0 5.41512 -35.0448 -9.08669 
pose_0 9.70714 0.785404 -6.01568 
pose_0 44.1612 -25.8356 -24.4469 
pose_0 -5.35055 -34.3933 -10.5633 
pose_0 1.94109 10.9903 -32.9967 
pose_0 37.9384 0.156053 -17.4853 
pose_0 1.97693 -1.28468 5.1292 
pose_0 8.12199 33.7444 19.5322 
pose_0 -4.57391 59.2862 32.4902 
pose_0 -4.33836 4.03358 -4.5817 
pose_0 -7.46654 34.5818 8.97194 
pose_0 43.6753 25.4527 2.03341 
pose_0 0 0 0 
pose_0 13.353 -0.603275 0.262079 
pose_0 42.8157 -19.2663 3.31202 
pose_0 49.7822 -25.5143 -24.9123 
pose_0 39.0018 0.007714 -19.3356 
pose_0 16.6643 74.0228 14.5841 
pose_0 21.103 73.8913 4.94082 

pose_1 55.4986 3.70228 -0.478499 
pose_1 -0.0179523 -28.7085 -20.6667 
pose_1 -6.15451 -33.6199 -13.4714 
pose_1 13.0221 -2.18033 0.144528 
pose_1 -4.168 4.50442 13.7495 
pose_1 -5.45267 -32.6606 -13.5863 
pose_1 8.05817 9.40542 -31.206 
pose_1 -10.9378 9.72352 -10.6669 
pose_1 3.4098 -2.26631 6.29356 
pose_1 5.70055 35.8343 20.3704 
pose_1 57.5735 13.7007 -21.5926 
pose_1 -6.18356 3.88432 -4.66207 
pose_1 2.9917 32.7287 8.55554 
pose_1 58.6339 15.4553 -25.1727 
pose_1 0 0 0 
pose_1 3.48502 -12.7998 -13.4623 
pose_1 50.8857 -4.40892 -1.01841 
pose_1 61.1207 -13.9518 -27.3061 
pose_1 59.1593 -16.3774 -6.19895 
pose_1 64.7838 -10.6008 -35.6168 
pose_1 41.0778 67.2263 -0.288945 

POSE_END

avgDiffs -62.561
AVGDIFFS_END

floorLevels 0
FLOORLEVELS_END

