pose_0 2.31126 -67.112 -3.10727 
pose_0 -0.031006 -46.7174 -4.34659 
pose_0 12.4996 -42.1544 -1.59564 
pose_0 29.8454 -22.0684 1.27086 
pose_0 15.8017 -10.7578 7.84179 
pose_0 -12.4638 -43.881 -3.1155 
pose_0 -27.7587 -24.1198 3.2876 
pose_0 -13.2529 -10.4032 2.74811 
pose_0 11.7105 -0.680183 -0.11518 
pose_0 -2.39358 40.5196 19.8032 
pose_0 -3.01829 73.8382 40.2284 
pose_0 -11.5359 -0.513198 1.33336 
pose_0 7.88064 41.5409 20.327 
pose_0 2.19712 79.7646 34.3233 
pose_0 0 0 0 
pose_0 0.0919346 -22.8228 -1.91971 
pose_0 0.380197 -54.5737 0.566228 
pose_0 6.8108 -12.4654 8.35594 
pose_0 -11.4258 -10.8638 7.32223 
pose_0 -3.54739 79.9529 37.5844 
pose_0 -0.149811 80.5186 41.8368 

pose_1 -4.25269 -64.2653 -14.7798 
pose_1 -6.8859 -42.4519 -14.9386 
pose_1 5.4256 -40.9154 -13.8598 
pose_1 25.6282 -24.6234 -7.00755 
pose_1 18.0885 -7.57778 -9.36805 
pose_1 -16.7869 -38.7033 -14.2401 
pose_1 -26.7875 -20.0584 -5.2274 
pose_1 -17.9082 -7.91486 -0.941581 
pose_1 7.70309 -0.161176 -0.286794 
pose_1 4.59925 46.2282 10.8611 
pose_1 2.16294 81.3589 24.3021 
pose_1 -8.48651 0.731546 0.72756 
pose_1 -7.72177 45.484 17.5549 
pose_1 -3.27196 83.2925 25.2113 
pose_1 0 0 0 
pose_1 -1.03788 -19.2351 -7.59638 
pose_1 -5.34929 -51.1963 -15.6963 
pose_1 10.279 -13.4528 -7.53933 
pose_1 -17.3955 -8.53151 3.93522 
pose_1 5.94687 83.3225 36.7822 
pose_1 1.4607 83.3683 36.9712 

POSE_END

avgDiffs -72.8826
AVGDIFFS_END

floorLevels 2
FLOORLEVELS_END

