pose_0 1.28565 -65.1468 -8.05665 
pose_0 -1.642 -46.2553 -7.23504 
pose_0 12.6298 -43.4158 -7.38179 
pose_0 30.2756 -23.1546 -5.84102 
pose_0 16.6735 -8.95946 1.2813 
pose_0 -13.51 -43.7011 -7.24549 
pose_0 -30.4919 -25.6126 -0.443663 
pose_0 -16.3185 -8.67385 -1.9576 
pose_0 11.8439 -1.26554 0.451402 
pose_0 1.41374 37.5823 29.1613 
pose_0 0.119452 67.3104 48.4671 
pose_0 -11.7531 0.0459254 1.22129 
pose_0 12.4394 39.3555 22.5393 
pose_0 27.9741 53.0847 45.9769 
pose_0 0 0 0 
pose_0 -0.999423 -21.6113 -5.74295 
pose_0 -0.75906 -53.905 -2.49807 
pose_0 12.536 -10.135 5.67246 
pose_0 -11.5388 -8.76799 -0.1921 
pose_0 -2.82421 76.9289 42.6636 
pose_0 28.7189 62.6865 50.7923 

pose_1 1.88184 -62.3588 -16.0235 
pose_1 -4.58589 -42.3403 -15.0744 
pose_1 10.2158 -39.9944 -14.7669 
pose_1 29.0643 -22.9423 -1.10797 
pose_1 14.8992 -7.87264 6.12773 
pose_1 -17.6097 -38.7173 -11.1457 
pose_1 -31.3238 -18.7343 -2.75986 
pose_1 -22.2396 -6.30641 5.00781 
pose_1 11.0929 -0.650256 -0.683459 
pose_1 8.98105 42.8861 19.6319 
pose_1 -5.95756 72.2082 35.6276 
pose_1 -12.2555 -0.479124 2.03896 
pose_1 -1.69714 39.1693 27.2982 
pose_1 17.7221 72.0097 35.3124 
pose_1 0 0 0 
pose_1 -2.00347 -19.1961 -10.3944 
pose_1 -3.0111 -50.0106 -9.80322 
pose_1 18.5777 -4.19255 14.7201 
pose_1 -20.6823 -7.47069 11.8226 
pose_1 -6.61765 78.5413 33.7322 
pose_1 18.8544 79.4539 31.327 

POSE_END

avgDiffs -71.4163
AVGDIFFS_END

floorLevels 6
FLOORLEVELS_END

