pose_0 2.59061 -63.0245 -16.535 
pose_0 2.77448 -46.2381 -10.4471 
pose_0 -9.92029 -44.5475 -5.12958 
pose_0 -18.2593 -16.6658 1.89886 
pose_0 -14.1996 -34.2201 -24.2911 
pose_0 13.8852 -39.4781 -12.3771 
pose_0 24.9488 -14.1101 -9.58977 
pose_0 25.1078 7.36835 -10.4967 
pose_0 -8.68167 -1.33353 6.53492 
pose_0 -11.5884 40.3426 19.7386 
pose_0 -10.4273 69.1137 32.0817 
pose_0 6.43997 0.819823 -5.89943 
pose_0 -9.23096 42.6523 -3.21173 
pose_0 15.5505 67.0308 17.1495 
pose_0 0 0 0 
pose_0 2.67381 -23.9391 -1.48307 
pose_0 1.70996 -52.0256 -17.0872 
pose_0 -18.4498 15.5545 4.93037 
pose_0 26.9807 13.3937 -11.4334 
pose_0 -17.5379 75.8378 30.2665 
pose_0 4.87673 77.1133 18.5336 

pose_1 2.9661 -66.8485 10.4207 
pose_1 3.20573 -46.6358 2.70316 
pose_1 -9.67214 -41.6282 -0.296636 
pose_1 -25.4769 -17.3727 -3.61522 
pose_1 -20.6334 3.24625 -13.9927 
pose_1 16.3197 -40.956 5.54038 
pose_1 25.3841 -14.4095 10.1177 
pose_1 19.394 -3.77706 -3.56374 
pose_1 -9.97955 -1.37969 0.259108 
pose_1 -12.2067 40.8408 19.4548 
pose_1 -4.7886 61.3257 49.6554 
pose_1 11.6341 0.252958 -0.631871 
pose_1 1.72464 44.3253 9.50411 
pose_1 -0.579519 70.7329 40.346 
pose_1 0 0 0 
pose_1 1.75765 -22.2539 1.73151 
pose_1 1.36617 -52.7562 1.03028 
pose_1 -21.2623 13.355 -21.2153 
pose_1 18.2965 0.442393 -10.3841 
pose_1 -10.6007 75.0245 40.7731 
pose_1 -5.52697 81.8165 25.1384 

POSE_END

avgDiffs 60.1796
AVGDIFFS_END

floorLevels 7
FLOORLEVELS_END

