pose_0 3.61489 -64.2168 -11.1831 
pose_0 0.0740139 -45.9571 -10.5624 
pose_0 11.9335 -42.1166 -8.22589 
pose_0 30.1519 -21.7901 -5.27243 
pose_0 13.9363 -11.9582 -4.91658 
pose_0 -12.8573 -43.6046 -7.74296 
pose_0 -28.8639 -25.6931 2.36612 
pose_0 -15.5414 -10.7271 1.09089 
pose_0 9.94476 0.613908 -2.9546 
pose_0 22.735 36.044 20.8295 
pose_0 2.70282 69.3362 35.9515 
pose_0 -11.1691 -0.471986 3.61006 
pose_0 -2.65618 39.9928 27.5 
pose_0 10.2208 66.912 35.9003 
pose_0 0 0 0 
pose_0 -1.39427 -21.8248 -5.26437 
pose_0 0.96506 -53.9255 -7.30869 
pose_0 3.88008 -10.2089 -6.3932 
pose_0 -10.3855 -13.3001 2.41253 
pose_0 0.578485 77.6328 36.3823 
pose_0 22.4305 74.0809 33.3827 

pose_1 37.58 -14.2002 3.73628 
pose_1 24.6126 -18.336 4.39174 
pose_1 8.69642 -29.8307 -14.0779 
pose_1 9.15876 -6.53892 -1.00673 
pose_1 30.8269 -27.4875 -37.1142 
pose_1 27.6994 -16.5133 -0.649345 
pose_1 4.10831 8.13999 -32.3136 
pose_1 31.2992 -28.803 -30.5797 
pose_1 3.55907 -1.74927 6.32538 
pose_1 5.73181 39.4482 13.9064 
pose_1 -13.2496 68.0008 21.3755 
pose_1 -6.16309 3.28329 -4.27191 
pose_1 -12.2141 35.1163 6.40884 
pose_1 26.9399 -17.8732 -53.1428 
pose_1 0 0 0 
pose_1 3.83439 -13.2695 -11.2882 
pose_1 28.5906 6.34008 2.11791 
pose_1 40.5292 -26.5784 -46.3714 
pose_1 32.5235 -34.817 -21.1181 
pose_1 32.3251 -33.64 -58.1309 
pose_1 36.4611 -31.2661 -67.511 

POSE_END

avgDiffs -72.8601
AVGDIFFS_END

floorLevels 353
FLOORLEVELS_END

