pose_0 0.37043 -67.1636 -3.93729 
pose_0 0.157902 -46.421 -5.36591 
pose_0 12.4555 -41.9448 -2.54404 
pose_0 29.7975 -22.3602 0.899087 
pose_0 16.3883 -11.3827 8.07018 
pose_0 -12.3071 -43.9435 -3.82883 
pose_0 -28.8804 -23.8765 2.0162 
pose_0 -15.4445 -11.178 4.57574 
pose_0 12.0621 -0.868496 0.449803 
pose_0 -1.60112 39.5739 20.8657 
pose_0 6.75532 80.331 26.3732 
pose_0 -11.6532 -0.615898 1.32828 
pose_0 8.4216 40.9159 21.4886 
pose_0 1.13979 79.0443 36.3392 
pose_0 0 0 0 
pose_0 -0.0311918 -22.9673 -2.35818 
pose_0 -0.623138 -54.8535 -1.26175 
pose_0 3.902 -13.0315 8.03793 
pose_0 -11.0323 -11.024 6.71404 
pose_0 -0.495152 78.7244 41.9964 
pose_0 -1.34767 79.0428 45.2038 

pose_1 -4.29959 -64.4627 -14.2718 
pose_1 -6.73216 -42.878 -14.7071 
pose_1 5.67862 -41.1656 -14.051 
pose_1 25.6707 -24.8422 -6.49253 
pose_1 18.2998 -7.52866 -8.67325 
pose_1 -16.7727 -38.6704 -14.2826 
pose_1 -26.9748 -19.9966 -7.69326 
pose_1 -17.7631 -7.7759 -2.56258 
pose_1 7.7465 -0.178703 -0.13585 
pose_1 4.49662 46.2594 10.5881 
pose_1 2.19783 81.3178 24.7537 
pose_1 -8.35647 0.674252 0.689051 
pose_1 -6.55526 45.1168 17.8839 
pose_1 -3.17234 83.2432 25.4523 
pose_1 0 0 0 
pose_1 -1.00202 -19.2973 -7.80407 
pose_1 -5.19985 -51.2824 -15.2909 
pose_1 10.5359 -13.3165 -6.96779 
pose_1 -17.3263 -8.33894 2.3832 
pose_1 6.09306 83.1939 37.3219 
pose_1 1.5779 83.2433 37.4578 

POSE_END

avgDiffs -72.8896
AVGDIFFS_END

floorLevels 3
FLOORLEVELS_END

