pose_0 1.1495 -64.9565 -13.6036 
pose_0 0.112429 -45.4182 -12.1619 
pose_0 14.1987 -40.7951 -12.565 
pose_0 30.8615 -20.2643 -8.46843 
pose_0 16.5191 -8.93162 -1.10536 
pose_0 -12.2592 -42.0394 -6.72818 
pose_0 -30.0757 -26.5294 8.52951 
pose_0 -15.1231 -11.4856 8.7169 
pose_0 10.2005 0.484584 -5.19998 
pose_0 37.6401 21.6263 13.0591 
pose_0 35.3721 56.2047 19.7962 
pose_0 -10.2351 -1.19459 6.31199 
pose_0 -1.83928 36.1157 31.0079 
pose_0 -5.65322 65.68 32.2217 
pose_0 0 0 0 
pose_0 -0.0745979 -21.2473 -6.03366 
pose_0 -0.388611 -53.9942 -7.52586 
pose_0 9.35558 -10.7268 -2.0233 
pose_0 -12.4205 -12.6927 14.5523 
pose_0 44.0059 64.1612 24.8057 
pose_0 -2.43229 69.0897 43.6682 

pose_1 -5.07509 -58.6924 -15.3314 
pose_1 -3.75854 -39.5022 -8.18325 
pose_1 11.0784 -39.9893 -6.18769 
pose_1 25.1952 -23.3458 -2.502 
pose_1 17.7704 -7.86335 0.807957 
pose_1 6.30523 -39.4666 -8.7402 
pose_1 -27.6744 -23.6842 -4.70389 
pose_1 -7.60433 -44.163 -15.6024 
pose_1 8.84342 0.222168 -2.57771 
pose_1 30.9053 31.1039 2.57236 
pose_1 31.6281 71.5466 23.5492 
pose_1 -9.68599 -0.694954 2.92085 
pose_1 -5.84611 40.2776 22.6058 
pose_1 -10.7959 72.9349 36.4841 
pose_1 0 0 0 
pose_1 -0.410508 -20.0257 -5.74481 
pose_1 -1.77395 -47.5984 -8.40144 
pose_1 16.2704 -1.86114 2.97811 
pose_1 -3.78769 -46.243 -21.0461 
pose_1 38.6235 70.23 38.6184 
pose_1 -7.05097 73.956 48.5185 

POSE_END

avgDiffs -72.8669
AVGDIFFS_END

floorLevels 6
FLOORLEVELS_END

