pose_0 4.89562 -65.2375 -6.61126 
pose_0 1.2432 -46.5659 -6.56662 
pose_0 13.9578 -42.7194 -4.72594 
pose_0 30.2756 -20.1747 -5.11262 
pose_0 16.3037 -8.55245 1.85714 
pose_0 -11.3187 -43.9421 -3.79557 
pose_0 -27.5829 -25.3784 6.06184 
pose_0 -13.4731 -10.9068 6.47179 
pose_0 11.7543 -0.236924 -1.27449 
pose_0 -0.487056 43.3295 16.0396 
pose_0 1.00585 72.8939 36.3988 
pose_0 -11.2516 -0.679077 3.19117 
pose_0 10.933 39.7551 21.8781 
pose_0 4.18241 60.9375 47.8115 
pose_0 0 0 0 
pose_0 0.0439064 -22.1423 -4.13062 
pose_0 1.95095 -54.3831 -2.75638 
pose_0 11.8127 -8.57279 5.10693 
pose_0 -11.4739 -11.7412 11.6897 
pose_0 1.33877 80.9767 35.1917 
pose_0 1.63149 81.0601 42.3843 

pose_1 -6.05854 -63.159 -12.8575 
pose_1 -8.30165 -41.8066 -15.2796 
pose_1 5.24532 -39.2276 -16.7788 
pose_1 25.5108 -22.5805 -10.0407 
pose_1 17.7748 -9.10369 -4.80014 
pose_1 -17.6556 -37.7628 -12.7605 
pose_1 -25.8444 -18.1133 -8.56118 
pose_1 -19.8109 -6.52963 0.375055 
pose_1 7.10739 0.353738 -1.72455 
pose_1 6.72023 45.7921 9.4169 
pose_1 3.42702 82.925 20.4411 
pose_1 -8.96777 0.425353 1.16892 
pose_1 -5.23514 46.225 16.2561 
pose_1 -2.64464 85.1755 23.6898 
pose_1 0 0 0 
pose_1 -0.857698 -18.4177 -9.39946 
pose_1 -5.57947 -49.524 -15.4305 
pose_1 13.6465 -10.3683 -3.85992 
pose_1 -19.6537 -6.72516 5.23755 
pose_1 7.56359 85.5258 31.5873 
pose_1 0.813348 83.8465 38.5759 

POSE_END

avgDiffs -72.3571
AVGDIFFS_END

floorLevels 0
FLOORLEVELS_END

