pose_0 -1.26589 -66.5724 -2.41385 
pose_0 -0.468426 -46.3103 -0.0593548 
pose_0 -10.7192 -40.7437 -6.77971 
pose_0 -21.2587 -15.7901 -6.59807 
pose_0 -20.488 6.91414 -16.7601 
pose_0 7.58271 -41.9752 8.30228 
pose_0 15.7209 -18.3016 14.7542 
pose_0 20.6892 -2.19967 7.47349 
pose_0 -9.60175 -0.808631 -1.66963 
pose_0 -12.47 45.2837 8.7478 
pose_0 -12.6447 75.6682 32.3791 
pose_0 8.56691 -0.127055 1.31181 
pose_0 1.86125 45.7404 10.6646 
pose_0 -6.1421 77.3093 36.4557 
pose_0 0 0 0 
pose_0 0.693112 -22.0647 2.57015 
pose_0 1.68116 -53.561 -3.92096 
pose_0 -21.6639 14.1761 -19.9128 
pose_0 22.3642 1.69815 6.52854 
pose_0 -12.6183 83.7277 26.9365 
pose_0 -1.64633 87.104 26.0564 

pose_1 57.7174 -8.93049 4.19564 
pose_1 -5.58472 -28.6362 -17.6017 
pose_1 9.32577 -26.7915 -17.0032 
pose_1 13.3092 -2.24804 -0.803585 
pose_1 58.3773 -16.1565 -15.5841 
pose_1 3.11154 -23.9902 -22.884 
pose_1 9.99878 12.7157 -28.1242 
pose_1 55.9468 -19.9771 -9.12588 
pose_1 3.67089 -2.20306 6.4193 
pose_1 9.65067 35.2762 22.3804 
pose_1 54.9407 0.898622 -14.1341 
pose_1 -5.45788 4.0357 -5.09936 
pose_1 -9.70007 36.1085 9.1059 
pose_1 5.15967 60.6736 28.1827 
pose_1 0 0 0 
pose_1 3.87207 -12.6841 -13.653 
pose_1 50.6224 -10.1069 2.41569 
pose_1 62.0226 -26.9023 -16.2794 
pose_1 60.6955 -21.3954 -7.02769 
pose_1 65.9692 -25.5155 -5.97228 
pose_1 -7.14568 72.0361 28.1879 

POSE_END

avgDiffs -61.0815
AVGDIFFS_END

floorLevels 364
FLOORLEVELS_END

