pose_0 2.65482 -66.4619 -4.69577 
pose_0 0.126697 -46.4273 -5.67734 
pose_0 12.6555 -41.8 -2.83758 
pose_0 30.2301 -22.2491 0.638269 
pose_0 16.3041 -11.0974 7.31111 
pose_0 -12.2487 -43.8004 -4.05635 
pose_0 -28.5434 -23.9228 3.87182 
pose_0 -13.0436 -10.3877 3.92436 
pose_0 11.9249 -0.722762 0.0646335 
pose_0 -2.00725 39.843 21.121 
pose_0 -2.89289 72.8412 42.7195 
pose_0 -11.3527 -0.706937 1.76895 
pose_0 8.19682 40.9443 21.4802 
pose_0 2.59998 79.2046 35.5665 
pose_0 0 0 0 
pose_0 0.0912735 -22.8252 -2.35915 
pose_0 0.694028 -54.1833 -0.770184 
pose_0 7.18173 -12.8961 7.52878 
pose_0 -11.0363 -10.9776 9.19339 
pose_0 -3.41449 79.3293 39.3715 
pose_0 0.341332 79.9831 42.9318 

pose_1 -3.83171 -64.4671 -12.9774 
pose_1 -6.65722 -42.7427 -13.7289 
pose_1 4.96839 -41.1385 -13.5455 
pose_1 25.7654 -24.8912 -7.77431 
pose_1 18.1469 -8.39427 -9.03074 
pose_1 -16.6514 -39.1983 -13.1532 
pose_1 -25.3966 -16.2581 -9.78475 
pose_1 -18.3155 -8.11692 -0.0291061 
pose_1 7.73283 -0.318458 -0.952095 
pose_1 4.03481 46.2496 8.45802 
pose_1 3.13295 82.0225 23.9509 
pose_1 -8.20043 0.316161 1.74216 
pose_1 -6.6058 45.0581 17.7425 
pose_1 -3.64242 82.8062 27.6846 
pose_1 0 0 0 
pose_1 -0.776321 -19.5584 -7.29868 
pose_1 -5.72788 -50.7856 -14.1694 
pose_1 10.4214 -13.5263 -6.70332 
pose_1 -18.0596 -8.60048 5.22373 
pose_1 5.88492 82.4627 38.7735 
pose_1 1.14139 82.2443 40.6667 

POSE_END

avgDiffs -73.8181
AVGDIFFS_END

floorLevels 4
FLOORLEVELS_END

