pose_0 41.2004 -12.2046 -2.41023 
pose_0 -9.77633 -33.0144 -16.2332 
pose_0 4.63254 -35.2764 -9.79027 
pose_0 -1.72108 0.499474 -5.63934 
pose_0 39.8705 -30.5347 -32.3344 
pose_0 34.2434 -22.1363 1.17189 
pose_0 37.3602 -28.3797 -8.11541 
pose_0 38.8403 -34.2476 -16.5299 
pose_0 -0.943643 -0.767532 4.58005 
pose_0 7.02766 34.3955 16.8657 
pose_0 44.4007 5.66855 -5.24626 
pose_0 -4.25435 3.79752 -3.93601 
pose_0 -10.4437 35.6804 8.52772 
pose_0 23.0475 68.632 -0.885033 
pose_0 0 0 0 
pose_0 1.21938 -16.5125 -11.8403 
pose_0 34.429 -24.02 9.43097 
pose_0 42.7773 -30.7524 -41.2996 
pose_0 43.0461 -32.537 -7.43282 
pose_0 19.1513 74.168 13.737 
pose_0 19.7231 74.8239 4.85068 

pose_1 55.1321 2.99969 -4.51024 
pose_1 -5.52139 -29.3197 -18.4041 
pose_1 9.90855 -30.7392 -15.3932 
pose_1 11.2017 -1.93197 -1.23545 
pose_1 -4.55534 10.3764 18.2171 
pose_1 5.56809 -28.8468 -19.6018 
pose_1 14.1955 0.537528 -31.4124 
pose_1 -9.74004 9.60974 -10.8122 
pose_1 4.01431 -2.08877 5.89355 
pose_1 6.17547 36.2195 19.0277 
pose_1 3.77191 54.1085 37.3948 
pose_1 -5.13301 3.77108 -4.71978 
pose_1 4.17176 33.2303 6.82337 
pose_1 63.0406 -0.169232 -33.4769 
pose_1 0 0 0 
pose_1 3.77206 -12.9934 -13.1406 
pose_1 52.4665 -1.15092 3.40646 
pose_1 58.8001 -11.8259 -24.9052 
pose_1 53.8972 -20.2494 -14.005 
pose_1 44.1995 64.0445 5.96863 
pose_1 45.5104 65.8451 0.017222 

POSE_END

avgDiffs -62.1567
AVGDIFFS_END

floorLevels 4
FLOORLEVELS_END

