pose_0 24.1968 -27.5848 20.0289 
pose_0 25.106 -9.14357 15.3204 
pose_0 30.6638 -8.37743 7.86174 
pose_0 6.49342 -5.90368 -10.6644 
pose_0 25.2321 -32.594 -17.802 
pose_0 24.6943 -6.67607 8.59371 
pose_0 4.91148 1.54453 -33.6306 
pose_0 -8.52732 12.8688 -8.14896 
pose_0 0.263237 -0.829598 5.70026 
pose_0 -0.00430306 35.463 19.3425 
pose_0 27.5608 -24.5288 -31.5947 
pose_0 -5.44466 3.92747 -4.84429 
pose_0 -7.36895 36.4648 5.45742 
pose_0 24.6341 72.5938 11.0697 
pose_0 0 0 0 
pose_0 10.4739 0.963718 5.40276 
pose_0 25.5326 -8.33162 19.9211 
pose_0 -1.55373 14.7524 25.2785 
pose_0 25.8198 -37.1242 2.89813 
pose_0 31.4612 -50.0019 -28.143 
pose_0 27.4466 76.1057 15.2848 

pose_1 48.7296 -19.4872 5.60446 
pose_1 41.5483 -8.62025 3.18886 
pose_1 -4.88384 -32.9251 -10.1968 
pose_1 9.80881 -6.99082 -1.04284 
pose_1 -3.96965 5.97683 13.741 
pose_1 -4.62838 -32.3647 -10.7969 
pose_1 5.57501 9.89754 -33.2223 
pose_1 -13.5843 15.3771 -6.97127 
pose_1 4.43196 -1.82572 6.47124 
pose_1 10.233 34.2242 21.6555 
pose_1 49.2067 -22.19 -40.8176 
pose_1 -6.2709 3.59673 -4.26572 
pose_1 -7.05959 35.3054 10.6847 
pose_1 55.1621 -17.9413 -29.6958 
pose_1 0 0 0 
pose_1 3.22454 -13.4571 -12.6702 
pose_1 40.6624 -26.7201 5.09134 
pose_1 54.1518 -22.8581 -39.6617 
pose_1 46.8951 -31.7511 -7.64585 
pose_1 51.8314 -35.3565 -42.9913 
pose_1 50.0917 -35.3266 -36.2268 

POSE_END

avgDiffs -70.4382
AVGDIFFS_END

floorLevels 59
FLOORLEVELS_END

