pose_0 0.546587 -66.1236 -5.28491 
pose_0 0.155142 -46.3922 -5.57709 
pose_0 12.6148 -41.9032 -2.2327 
pose_0 29.5836 -22.1079 2.14998 
pose_0 16.1563 -11.4444 8.90812 
pose_0 -12.3313 -43.8038 -4.24766 
pose_0 -28.705 -23.8282 2.46835 
pose_0 -13.125 -10.4972 2.22232 
pose_0 12.0818 -0.87741 0.355552 
pose_0 -1.85048 39.9408 20.1503 
pose_0 -2.28857 73.494 40.0024 
pose_0 -11.6302 -0.678589 1.41335 
pose_0 8.36648 41.1408 21.2318 
pose_0 2.12188 79.8128 33.7995 
pose_0 0 0 0 
pose_0 -0.0557855 -22.9557 -2.52081 
pose_0 0.671131 -54.1186 -0.456682 
pose_0 3.74546 -13.3475 8.52821 
pose_0 -11.1961 -11.1096 7.08044 
pose_0 -3.21955 79.3571 39.0911 
pose_0 0.363931 80.5524 42.1099 

pose_1 -3.97445 -64.1401 -14.8763 
pose_1 -6.8101 -42.8067 -15.5485 
pose_1 5.50931 -41.1263 -14.7144 
pose_1 25.6786 -24.9561 -7.01685 
pose_1 18.2864 -7.73652 -9.06321 
pose_1 -16.8311 -38.6885 -14.3964 
pose_1 -27.0892 -19.9944 -8.04911 
pose_1 -17.4534 -7.89239 -2.67644 
pose_1 7.81671 -0.190217 -0.217746 
pose_1 4.50951 46.2212 10.3667 
pose_1 2.19521 81.1624 24.9645 
pose_1 -8.27927 0.582856 0.941132 
pose_1 -6.33851 44.9356 18.2554 
pose_1 -3.16519 83.0523 25.9862 
pose_1 0 0 0 
pose_1 -1.00153 -19.2963 -8.12414 
pose_1 -5.21961 -51.1589 -15.7631 
pose_1 10.4453 -13.5453 -7.46162 
pose_1 -17.0754 -8.42203 2.41727 
pose_1 6.12362 83.0784 37.4502 
pose_1 1.64809 83.1003 37.6504 

POSE_END

avgDiffs -72.8885
AVGDIFFS_END

floorLevels 0
FLOORLEVELS_END

