pose_0 1.43733 -65.0168 -4.74953 
pose_0 -0.199733 -46.2433 -4.39969 
pose_0 13.0053 -40.9644 -4.09743 
pose_0 30.0783 -20.6563 -1.74791 
pose_0 17.0568 -7.62585 4.12953 
pose_0 -12.2187 -43.5549 -3.62054 
pose_0 -29.3624 -23.3955 1.00369 
pose_0 -16.5564 -7.35007 2.35319 
pose_0 11.7849 -0.790078 -0.839345 
pose_0 -3.0732 38.5113 23.3026 
pose_0 -0.56527 73.1662 40.4637 
pose_0 -11.3224 -0.0844779 3.01616 
pose_0 18.7263 40.0933 19.1178 
pose_0 35.1046 57.5656 42.2012 
pose_0 0 0 0 
pose_0 -0.120367 -22.5236 -4.32404 
pose_0 0.462184 -52.9319 1.16754 
pose_0 9.42819 -8.78113 5.62165 
pose_0 -12.3077 -7.95596 3.62797 
pose_0 -4.84918 78.8031 37.2178 
pose_0 34.7197 73.559 38.1313 

pose_1 -1.04371 -61.8116 -18.9348 
pose_1 -3.79413 -42.2029 -14.0845 
pose_1 10.4161 -39.4824 -14.1697 
pose_1 28.7383 -23.5582 -1.03377 
pose_1 16.1881 -8.18812 6.49969 
pose_1 -15.5622 -39.4725 -10.2614 
pose_1 -29.7784 -19.2976 -0.508574 
pose_1 -24.2935 -6.4317 10.6256 
pose_1 11.1628 -0.604064 -0.190848 
pose_1 14.3393 43.7159 15.1944 
pose_1 -6.6557 73.633 32.9021 
pose_1 -11.792 -0.82168 1.88193 
pose_1 -3.70983 40.0688 27.6716 
pose_1 -8.05928 76.4525 35.7853 
pose_1 0 0 0 
pose_1 -1.01685 -19.2835 -10.5468 
pose_1 -2.65737 -50.1781 -8.7319 
pose_1 7.01385 -17.622 11.9083 
pose_1 -20.5805 -7.39096 16.0839 
pose_1 24.6477 81.1103 29.4498 
pose_1 -5.46957 78.0908 45.9837 

POSE_END

avgDiffs -71.3836
AVGDIFFS_END

floorLevels 4
FLOORLEVELS_END

