pose_0 0.91687 -67.2483 -3.72254 
pose_0 0.00587367 -46.607 -4.45588 
pose_0 12.4712 -42.0775 -1.70604 
pose_0 29.8974 -22.0961 0.763264 
pose_0 16.0129 -10.9668 7.60534 
pose_0 -12.5045 -43.9234 -3.34719 
pose_0 -27.8767 -24.107 2.52108 
pose_0 -13.3271 -10.4563 2.5431 
pose_0 11.8083 -0.70697 -0.156882 
pose_0 -2.31977 40.4728 19.6742 
pose_0 -2.08407 77.1761 35.2488 
pose_0 -11.625 -0.538766 1.46427 
pose_0 7.94171 41.5624 20.1873 
pose_0 2.21811 79.6251 34.5741 
pose_0 0 0 0 
pose_0 0.0835919 -22.8896 -2.03005 
pose_0 0.438009 -54.4222 0.456001 
pose_0 6.91996 -12.5249 8.14819 
pose_0 -11.4424 -10.9769 7.21968 
pose_0 -3.51412 79.6751 38.3914 
pose_0 -0.280188 80.4055 42.7037 

pose_1 -4.00481 -64.5309 -14.2625 
pose_1 -6.7487 -42.5685 -14.8844 
pose_1 5.51767 -40.978 -13.7099 
pose_1 25.8115 -24.7345 -6.91498 
pose_1 18.2076 -7.58081 -9.54469 
pose_1 -16.65 -38.8871 -14.2032 
pose_1 -26.7616 -20.0824 -5.22373 
pose_1 -17.7848 -7.75404 -0.889986 
pose_1 7.78993 -0.110376 -0.371868 
pose_1 4.64808 46.1777 10.9043 
pose_1 2.14799 81.391 24.3071 
pose_1 -8.45498 0.711749 0.751997 
pose_1 -7.59563 45.5214 17.6471 
pose_1 -3.31822 83.3389 25.2042 
pose_1 0 0 0 
pose_1 -0.948075 -19.3089 -7.59392 
pose_1 -5.13201 -51.3085 -15.4601 
pose_1 10.3279 -13.4873 -8.14485 
pose_1 -17.267 -8.37534 3.98654 
pose_1 5.888 83.424 36.7031 
pose_1 1.4009 83.4671 36.9175 

POSE_END

avgDiffs -73.8268
AVGDIFFS_END

floorLevels 2
FLOORLEVELS_END

