pose_0 0.875533 -66.607 -5.13063 
pose_0 0.362668 -46.16 -5.78376 
pose_0 12.5464 -41.3417 -2.83828 
pose_0 29.9091 -22.2812 1.55648 
pose_0 16.7077 -10.877 8.98447 
pose_0 -12.1976 -43.4889 -3.91751 
pose_0 -28.9718 -23.2585 2.87469 
pose_0 -15.4628 -10.5561 5.29858 
pose_0 12.2967 -0.890219 0.817601 
pose_0 -1.34279 41.0098 20.2359 
pose_0 -2.078 72.5481 42.6341 
pose_0 -11.6049 -0.610387 1.41455 
pose_0 8.41974 42.0912 20.9647 
pose_0 3.31054 79.3485 34.7666 
pose_0 0 0 0 
pose_0 0.108312 -22.7418 -2.31733 
pose_0 0.0506763 -54.739 -1.87133 
pose_0 4.60337 -13.002 9.8641 
pose_0 -10.8537 -10.5082 7.12902 
pose_0 -2.84995 78.9687 39.7045 
pose_0 1.52636 80.1587 41.5633 

pose_1 -3.93072 -64.5365 -13.2355 
pose_1 -6.38246 -42.7624 -14.1047 
pose_1 5.07234 -40.9595 -13.759 
pose_1 25.7936 -25.0514 -7.07094 
pose_1 18.1221 -8.10415 -8.63856 
pose_1 -16.3495 -39.2945 -13.2635 
pose_1 -25.1119 -16.357 -8.95804 
pose_1 -17.8564 -8.20974 -0.184879 
pose_1 7.64124 -0.240306 -0.78024 
pose_1 4.06203 46.3189 8.71528 
pose_1 2.97762 82.1069 24.0029 
pose_1 -8.18747 0.322101 1.61098 
pose_1 -6.67391 45.0607 17.7886 
pose_1 -3.80204 82.9618 27.4558 
pose_1 0 0 0 
pose_1 -0.709768 -19.6206 -7.28162 
pose_1 -5.36561 -50.8654 -14.1504 
pose_1 10.322 -13.7306 -6.20187 
pose_1 -17.5596 -8.70487 4.95058 
pose_1 5.68238 82.5744 38.7511 
pose_1 0.947752 82.4116 40.4714 

POSE_END

avgDiffs -73.8245
AVGDIFFS_END

floorLevels 0
FLOORLEVELS_END

