pose_0 1.04003 -66.5901 -5.15472 
pose_0 -0.0241819 -46.4896 -5.39364 
pose_0 12.4046 -42.0471 -2.46651 
pose_0 29.7315 -22.2445 0.945904 
pose_0 16.133 -11.2101 7.79824 
pose_0 -12.5156 -43.8211 -3.96156 
pose_0 -28.6499 -23.445 2.36907 
pose_0 -13.3213 -10.5577 2.66325 
pose_0 11.9023 -0.703222 -0.10656 
pose_0 -2.27565 40.4251 19.6073 
pose_0 -2.74171 73.7952 39.7265 
pose_0 -11.5736 -0.574504 1.63231 
pose_0 8.04032 41.6107 20.0395 
pose_0 2.32641 79.6982 34.5628 
pose_0 0 0 0 
pose_0 0.0211961 -22.9007 -2.20557 
pose_0 0.578807 -54.3615 -0.506012 
pose_0 6.874 -12.6247 7.79561 
pose_0 -11.4494 -11.0492 7.51147 
pose_0 -3.50979 79.6767 38.6562 
pose_0 -0.283303 80.4422 42.7598 

pose_1 -3.67375 -64.5476 -11.6495 
pose_1 -7.03983 -42.8092 -12.5534 
pose_1 6.68639 -40.9407 -13.4116 
pose_1 25.8762 -25.1858 -5.32321 
pose_1 18.0036 -8.72482 -7.56017 
pose_1 -17.0069 -39.3481 -12.0842 
pose_1 -25.6754 -16.6782 -6.98686 
pose_1 -18.3279 -8.18399 1.01538 
pose_1 7.96495 -0.397095 -0.677529 
pose_1 4.00271 46.0864 9.07087 
pose_1 1.67252 81.5389 25.405 
pose_1 -8.61668 0.278525 1.85475 
pose_1 -6.45625 44.8857 17.8219 
pose_1 -3.62343 82.4352 27.9481 
pose_1 0 0 0 
pose_1 -0.696918 -19.7013 -7.14334 
pose_1 -5.6329 -51.1229 -13.154 
pose_1 10.1405 -14.0724 -5.49384 
pose_1 -17.9354 -8.56661 5.98449 
pose_1 5.8176 82.2492 39.0397 
pose_1 1.13868 82.0374 40.604 

POSE_END

avgDiffs -73.8311
AVGDIFFS_END

floorLevels 3
FLOORLEVELS_END

