pose_0 1.51628 -64.7259 -3.79927 
pose_0 -1.33569 -46.1799 -7.34362 
pose_0 11.9118 -42.5856 -5.70387 
pose_0 28.8816 -23.314 -2.50056 
pose_0 15.1984 -8.96137 2.11415 
pose_0 -12.9733 -43.621 -6.34002 
pose_0 -29.8478 -24.448 1.40474 
pose_0 -16.1149 -8.75369 2.04854 
pose_0 11.48 -1.2512 0.210601 
pose_0 -2.50778 36.2674 29.3489 
pose_0 -0.948857 69.4082 44.9902 
pose_0 -11.4623 -0.165007 2.31576 
pose_0 15.5609 40.0146 20.8197 
pose_0 30.7027 53.6171 43.5723 
pose_0 0 0 0 
pose_0 -1.54965 -21.7153 -6.24785 
pose_0 -0.777519 -53.4213 -1.98661 
pose_0 11.5467 -9.60998 6.83884 
pose_0 -11.2645 -9.00866 4.01962 
pose_0 -4.13845 78.3657 38.5247 
pose_0 32.7005 64.1746 48.8038 

pose_1 0.920176 -61.9778 -19.6507 
pose_1 -3.80457 -42.2281 -16.1059 
pose_1 10.5324 -39.0274 -15.3837 
pose_1 28.2231 -23.6559 0.141391 
pose_1 18.1042 -8.12129 7.14288 
pose_1 -15.654 -38.9541 -12.9568 
pose_1 -28.8282 -19.798 -3.23513 
pose_1 -21.6366 -7.89987 7.24815 
pose_1 11.1358 -0.472185 -0.791365 
pose_1 12.2805 42.9162 17.3422 
pose_1 -6.3564 74.8445 30.4118 
pose_1 -11.4068 -0.826297 2.43493 
pose_1 6.67373 42.3318 20.5745 
pose_1 22.9926 72.098 31.0693 
pose_1 0 0 0 
pose_1 -0.888199 -19.1622 -9.38267 
pose_1 -3.01469 -49.2716 -12.6274 
pose_1 7.88753 -8.58112 7.3342 
pose_1 -20.2293 -8.97562 14.9615 
pose_1 25.6567 79.8027 31.8661 
pose_1 25.1114 80.4747 28.7446 

POSE_END

avgDiffs -71.3999
AVGDIFFS_END

floorLevels 4
FLOORLEVELS_END

