pose_0 1.49774 -66.5238 -5.02942 
pose_0 0.444502 -46.3084 -5.8277 
pose_0 12.5084 -41.6527 -3.06124 
pose_0 30.0549 -22.1754 1.15638 
pose_0 16.1859 -11.4005 8.35015 
pose_0 -12.0073 -43.641 -4.36231 
pose_0 -28.5768 -23.1034 0.939725 
pose_0 -15.0231 -11.0177 5.04355 
pose_0 12.0357 -0.80345 0.676423 
pose_0 -1.06882 39.1249 22.8187 
pose_0 -2.19121 72.5415 42.89 
pose_0 -11.4613 -0.60558 1.67278 
pose_0 8.38554 42.2317 20.274 
pose_0 2.89253 79.0848 34.8525 
pose_0 0 0 0 
pose_0 -0.0403405 -22.8987 -2.68973 
pose_0 0.377265 -54.7599 -2.16294 
pose_0 4.19768 -12.9588 8.36776 
pose_0 -10.6475 -10.9831 6.98657 
pose_0 -2.80233 79.1224 38.3134 
pose_0 1.02387 79.8793 41.8578 

pose_1 -3.76593 -64.8418 -12.8125 
pose_1 -6.55022 -42.8981 -13.0781 
pose_1 5.03782 -41.0803 -12.9876 
pose_1 25.9144 -24.6029 -8.62803 
pose_1 18.2417 -8.07759 -10.1475 
pose_1 -16.3102 -39.4346 -12.6794 
pose_1 -24.5631 -16.0402 -9.37438 
pose_1 -17.3573 -8.18985 -0.572129 
pose_1 7.53759 -0.272814 -0.635449 
pose_1 4.04383 46.2744 8.96099 
pose_1 2.90817 82.2143 23.4891 
pose_1 -8.29866 0.481333 1.27679 
pose_1 -6.4876 44.8155 18.0481 
pose_1 -3.85628 83.0656 27.1437 
pose_1 0 0 0 
pose_1 -0.997126 -19.3289 -7.1536 
pose_1 -5.58705 -50.8155 -12.9025 
pose_1 10.4275 -13.8204 -7.74444 
pose_1 -17.0864 -8.71077 4.70809 
pose_1 5.70231 82.5852 38.4867 
pose_1 0.939369 82.4717 40.2624 

POSE_END

avgDiffs -73.8153
AVGDIFFS_END

floorLevels 0
FLOORLEVELS_END

