pose_0 2.90015 -65.276 -4.61271 
pose_0 0.117008 -45.9924 -4.94619 
pose_0 12.825 -41.701 -4.90916 
pose_0 30.4631 -20.2916 -3.15832 
pose_0 14.6278 -9.07417 4.28035 
pose_0 -12.2882 -43.4646 -3.20179 
pose_0 -28.5894 -23.3596 2.32369 
pose_0 -16.5537 -7.58133 4.77865 
pose_0 11.8099 -0.742543 -1.17036 
pose_0 -3.07446 38.654 20.7245 
pose_0 0.834687 72.692 36.6032 
pose_0 -10.8852 -0.148472 3.38234 
pose_0 22.8848 41.0299 11.9416 
pose_0 39.7152 68.5223 29.3714 
pose_0 0 0 0 
pose_0 -0.10968 -22.7384 -3.75723 
pose_0 0.913427 -52.7839 0.604692 
pose_0 7.5707 -9.92934 7.0813 
pose_0 -11.7615 -4.30996 5.19796 
pose_0 -4.17728 77.9974 38.1377 
pose_0 37.6687 81.8521 18.2052 

pose_1 -1.19639 -65.6208 -10.7762 
pose_1 -3.5287 -43.6912 -10.6478 
pose_1 10.887 -39.9947 -11.7264 
pose_1 28.3638 -23.8046 -0.800314 
pose_1 15.2514 -11.8803 10.2287 
pose_1 -15.4019 -40.8254 -8.80998 
pose_1 -29.9394 -19.2112 2.16085 
pose_1 -24.4523 -6.72258 13.8881 
pose_1 10.625 -0.807318 0.334947 
pose_1 15.2957 43.2711 15.6231 
pose_1 27.6902 77.7566 25.6074 
pose_1 -11.6438 -0.72729 1.70576 
pose_1 -3.89585 39.6698 28.4981 
pose_1 -7.65004 77.4805 38.1672 
pose_1 0 0 0 
pose_1 -1.35899 -19.7543 -9.0868 
pose_1 -2.55038 -51.2705 -5.24228 
pose_1 6.86311 -18.5677 14.2662 
pose_1 -20.6873 -7.70388 19.2222 
pose_1 25.4601 80.9918 30.8566 
pose_1 -4.62264 73.9635 54.5881 

POSE_END

avgDiffs -71.3799
AVGDIFFS_END

floorLevels 5
FLOORLEVELS_END

