pose_0 4.64103 -61.5883 -1.61544 
pose_0 1.11682 -46.0597 -7.46436 
pose_0 12.2784 -41.3953 -1.2844 
pose_0 27.872 -24.8328 4.99663 
pose_0 6.49987 -14.4808 14.499 
pose_0 -12.0945 -42.2588 -11.6891 
pose_0 -29.5923 -19.2072 -7.4837 
pose_0 -15.1909 -6.42226 -8.79617 
pose_0 8.10473 -2.39208 7.88484 
pose_0 5.33187 38.2473 29.8845 
pose_0 22.2852 74.739 30.4555 
pose_0 -8.4507 1.29614 -6.6087 
pose_0 -34.9955 29.0288 11.6357 
pose_0 -27.9463 58.2792 26.9179 
pose_0 0 0 0 
pose_0 -0.764232 -22.12 -5.35075 
pose_0 1.55404 -52.1324 -1.3617 
pose_0 -2.0339 -18.9983 19.3459 
pose_0 -14.8061 -3.56945 -6.45123 
pose_0 12.8106 78.5449 32.1163 
pose_0 13.4216 79.5196 27.1355 

pose_1 0.502185 -58.1674 -22.2094 
pose_1 -4.78121 -41.3409 -19.307 
pose_1 7.84546 -37.387 -16.254 
pose_1 24.4929 -23.4253 1.77821 
pose_1 12.7488 -8.70445 15.3679 
pose_1 -15.7835 -35.9263 -14.537 
pose_1 -28.5097 -13.8263 -8.07658 
pose_1 -16.9529 -2.17249 -13.3221 
pose_1 7.71744 -2.91086 6.92081 
pose_1 0.597201 40.1979 23.9526 
pose_1 10.0728 72.9391 27.7865 
pose_1 -9.17579 0.890973 -3.7649 
pose_1 -32.8005 29.7167 1.63349 
pose_1 -33.7771 58.597 18.2685 
pose_1 0 0 0 
pose_1 -2.4054 -20.2273 -9.7818 
pose_1 -2.73031 -46.9503 -20.1552 
pose_1 -19.492 1.27078 -12.5899 
pose_1 -17.3975 -0.712625 -10.6201 
pose_1 6.27958 74.2738 39.5318 
pose_1 -44.9479 61.0548 26.5682 

POSE_END

avgDiffs -72.4125
AVGDIFFS_END

floorLevels 1
FLOORLEVELS_END

