pose_0 1.83792 -63.3775 -13.2338 
pose_0 1.23682 -45.5046 -11.1788 
pose_0 -7.58705 -45.008 -12.3851 
pose_0 32.2172 -28.1676 2.90642 
pose_0 8.15438 -16.925 7.30231 
pose_0 -11.2436 -44.9103 -8.48808 
pose_0 -29.361 -26.5102 -3.96928 
pose_0 -13.6871 -10.3802 -10.5161 
pose_0 4.97867 -2.46323 7.63103 
pose_0 -20.5123 38.978 20.1083 
pose_0 -17.6066 75.3099 32.858 
pose_0 -10.8742 0.73167 -3.31735 
pose_0 12.3928 45.2998 14.6968 
pose_0 22.4316 74.4517 32.3334 
pose_0 0 0 0 
pose_0 -0.127396 -22.9057 -4.34539 
pose_0 2.37628 -52.2891 -11.3318 
pose_0 -8.75855 -6.36541 4.47342 
pose_0 -9.88393 -9.3393 -13.0875 
pose_0 -18.8992 83.1467 20.2591 
pose_0 27.1844 85.4723 12.7803 

pose_1 -12.2414 -55.8715 -9.88029 
pose_1 -11.6638 -34.6502 -3.11001 
pose_1 3.87163 -33.8964 -5.70402 
pose_1 19.1003 -26.3209 2.13791 
pose_1 16.6191 -16.0544 13.6177 
pose_1 -22.7401 -26.5228 -4.45974 
pose_1 -25.6239 -7.38351 -6.68886 
pose_1 -8.78112 -43.1851 -30.1613 
pose_1 4.46701 -1.87372 5.97845 
pose_1 11.6939 43.3943 13.0655 
pose_1 17.7219 82.0152 22.6565 
pose_1 -7.94894 1.27709 -5.36588 
pose_1 -20.4908 44.534 4.21833 
pose_1 -27.0407 79.6463 13.8058 
pose_1 0 0 0 
pose_1 -3.142 -16.3817 -3.68607 
pose_1 -11.6242 -40.7733 -1.57906 
pose_1 20.4151 -13.3032 22.862 
pose_1 -9.57215 -49.6563 -38.5246 
pose_1 11.9834 85.7511 32.211 
pose_1 -30.5167 82.9708 25.8982 

POSE_END

avgDiffs -74.766
AVGDIFFS_END

floorLevels 8
FLOORLEVELS_END

