pose_0 28.6765 -25.8389 9.9977 
pose_0 11.6564 -11.8166 17.5875 
pose_0 11.0272 -6.00703 19.7451 
pose_0 28.333 -19.6999 -14.4635 
pose_0 10.5901 -25.6949 -11.1766 
pose_0 11.0993 -0.322136 4.11699 
pose_0 -6.42258 10.0583 -31.6853 
pose_0 -7.4283 0.5915 1.07644 
pose_0 1.07854 -1.34444 4.28288 
pose_0 -6.1007 37.6699 16.9653 
pose_0 7.53548 -26.1169 -57.1977 
pose_0 -3.89283 3.42387 -3.79468 
pose_0 -8.78055 34.5998 8.52909 
pose_0 9.53872 -31.0168 -51.045 
pose_0 0 0 0 
pose_0 -1.85407 -16.7649 -13.1692 
pose_0 11.1248 -11.6557 23.354 
pose_0 35.5596 29.5836 -7.76012 
pose_0 25.2119 -39.362 -14.1766 
pose_0 22.1406 -42.3879 -64.8174 
pose_0 10.5104 70.8625 28.572 

pose_1 41.4489 -17.6651 2.62357 
pose_1 27.0079 -14.0203 11.459 
pose_1 22.7695 -8.20198 13.5128 
pose_1 10.487 -2.23419 -3.10734 
pose_1 -4.61656 7.647 14.4391 
pose_1 26.9395 -11.9276 4.37549 
pose_1 4.77027 14.3514 -29.4283 
pose_1 -9.75326 10.8995 -10.7014 
pose_1 3.45584 -2.06186 5.49232 
pose_1 5.93344 36.0182 18.6554 
pose_1 34.1416 -16.8135 -47.802 
pose_1 -5.47933 4.04413 -5.02984 
pose_1 5.35886 33.2657 6.19222 
pose_1 32.9063 62.5626 9.60647 
pose_1 0 0 0 
pose_1 3.29648 -13.2471 -12.8524 
pose_1 30.1648 -15.9761 16.401 
pose_1 -3.92003 10.6083 28.2566 
pose_1 36.4366 -33.4317 -11.0625 
pose_1 42.0643 -36.6074 -54.1062 
pose_1 35.824 70.6285 9.87439 

POSE_END

avgDiffs -71.9225
AVGDIFFS_END

floorLevels 8
FLOORLEVELS_END

