pose_0 -0.641951 -66.0459 11.7475 
pose_0 -2.05309 -46.5741 -0.00243509 
pose_0 9.81831 -41.4573 3.8627 
pose_0 28.1412 -23.4803 3.34895 
pose_0 10.5881 -13.167 11.7418 
pose_0 -13.5768 -43.3317 -6.35191 
pose_0 -30.2744 -19.6822 -8.90911 
pose_0 -18.1028 -6.61416 -6.32656 
pose_0 8.84188 -2.38856 7.18847 
pose_0 9.17704 38.2962 29.9828 
pose_0 23.4232 76.2437 28.5442 
pose_0 -9.63705 1.36216 -5.34526 
pose_0 -31.2226 29.1489 20.491 
pose_0 -24.5434 61.1706 25.9604 
pose_0 0 0 0 
pose_0 -0.38377 -23.0725 -3.46887 
pose_0 -4.48037 -52.6767 6.26317 
pose_0 -0.921202 -14.4471 16.8169 
pose_0 -17.8519 -3.76119 -2.87435 
pose_0 17.6906 79.2205 33.7994 
pose_0 -33.0662 62.8825 38.6552 

pose_1 46.0806 -3.45027 12.981 
pose_1 33.3177 1.51924 7.65277 
pose_1 9.08748 -31.0906 -13.9814 
pose_1 8.29237 -8.64055 -3.31147 
pose_1 35.0422 -13.0768 -15.5929 
pose_1 4.56062 -29.5762 -16.6694 
pose_1 8.62321 10.0722 -31.2967 
pose_1 36.6676 -16.5882 -11.672 
pose_1 3.65061 -2.00821 5.70351 
pose_1 5.10846 31.8833 23.966 
pose_1 42.9121 3.75193 -35.472 
pose_1 -5.55248 4.05852 -5.1315 
pose_1 3.16033 32.9394 6.87674 
pose_1 45.7879 2.31509 -43.9291 
pose_1 0 0 0 
pose_1 3.5475 -13.1171 -12.6051 
pose_1 40.1153 4.0815 5.0549 
pose_1 46.1772 -18.6772 -15.7921 
pose_1 40.7348 -21.1881 -10.8042 
pose_1 45.5911 -16.0028 -25.6745 
pose_1 28.4939 68.2397 3.42893 

POSE_END

avgDiffs -68.9524
AVGDIFFS_END

floorLevels 2
FLOORLEVELS_END

