pose_0 -0.58656 -67.5136 7.76175 
pose_0 -2.22025 -46.8511 -2.79659 
pose_0 9.72441 -41.4873 1.22259 
pose_0 29.0706 -23.2427 1.78707 
pose_0 10.9524 -12.9284 11.4797 
pose_0 -13.0968 -42.9872 -8.77101 
pose_0 -30.5677 -22.2429 -8.47178 
pose_0 -19.3035 -6.44126 -6.87275 
pose_0 8.89445 -2.09889 6.77903 
pose_0 8.02147 36.4937 33.0656 
pose_0 22.5748 75.5032 30.7483 
pose_0 -9.96087 1.22367 -5.46361 
pose_0 -32.7743 28.9618 18.4951 
pose_0 -28.4684 58.4137 26.8793 
pose_0 0 0 0 
pose_0 -0.57297 -22.8192 -4.07392 
pose_0 -4.80343 -53.1873 3.58501 
pose_0 2.8443 -14.6263 15.1472 
pose_0 -15.3246 0.50972 -9.2142 
pose_0 12.6033 78.4052 35.9175 
pose_0 -35.9869 61.0397 41.5994 

pose_1 42.2339 -17.1707 19.3087 
pose_1 32.2012 -2.76204 8.84581 
pose_1 9.69626 -31.7433 -13.2526 
pose_1 39.7118 5.68917 -28.8231 
pose_1 44.2959 7.3148 -30.6873 
pose_1 30.4558 -13.4592 6.39863 
pose_1 8.31287 10.7566 -29.9468 
pose_1 37.6815 -22.7209 -9.28838 
pose_1 3.92381 -1.93445 5.358 
pose_1 5.26194 32.2368 23.6971 
pose_1 45.6006 2.30528 -37.5205 
pose_1 -4.80568 3.74018 -4.75409 
pose_1 3.20006 33.2526 7.30218 
pose_1 47.7674 -0.29334 -46.1674 
pose_1 0 0 0 
pose_1 3.42588 -13.0739 -12.8981 
pose_1 39.6875 -3.80172 12.0701 
pose_1 48.3044 -22.5326 -25.1893 
pose_1 38.3481 -24.9006 -5.54973 
pose_1 44.4702 -22.8848 -25.2819 
pose_1 28.449 69.9647 2.93276 

POSE_END

avgDiffs -70.3935
AVGDIFFS_END

floorLevels 2
FLOORLEVELS_END

