pose_0 25.9921 -23.9629 19.51 
pose_0 26.3419 -6.57264 7.74903 
pose_0 30.9487 -8.24887 7.89184 
pose_0 6.43877 -6.3195 -10.7612 
pose_0 25.9172 -29.6559 -22.4065 
pose_0 27.3533 -7.87392 4.80172 
pose_0 4.93728 1.19312 -33.5255 
pose_0 -8.69743 12.2697 -7.72784 
pose_0 0.070514 -0.754935 5.5707 
pose_0 -0.17727 35.7373 18.9334 
pose_0 30.3759 -36.0194 -39.463 
pose_0 -3.97207 4.08981 -5.32358 
pose_0 -7.59532 36.4085 5.7242 
pose_0 25.7902 70.2959 12.5182 
pose_0 0 0 0 
pose_0 11.7447 2.00467 3.78859 
pose_0 28.0762 -4.51245 10.2906 
pose_0 26.9325 -27.514 -28.5462 
pose_0 27.2077 -34.5179 -0.410717 
pose_0 27.6226 -43.3272 -50.0319 
pose_0 28.3249 73.7796 17.0774 

pose_1 49.6202 -19.2721 1.71003 
pose_1 2.55854 -29.5237 -17.2301 
pose_1 -4.63462 -32.3042 -10.1973 
pose_1 11.8679 -7.92982 -0.948276 
pose_1 -3.8082 13.1283 15.7206 
pose_1 -4.15486 -31.9329 -10.5878 
pose_1 5.23603 9.7095 -33.0984 
pose_1 -11.2392 11.8626 -9.13888 
pose_1 4.5609 -1.87787 6.73453 
pose_1 9.7505 33.6111 21.8538 
pose_1 50.0585 -23.1648 -34.3039 
pose_1 -6.03732 3.67156 -4.40932 
pose_1 -9.76151 35.8581 8.91044 
pose_1 52.4782 -22.259 -26.2489 
pose_1 0 0 0 
pose_1 3.26668 -13.1366 -12.7086 
pose_1 38.9991 -25.714 2.58875 
pose_1 56.1951 -22.4481 -34.8177 
pose_1 48.9054 -34.3338 -8.1309 
pose_1 55.4533 -35.4329 -39.2282 
pose_1 52.8331 -35.6799 -28.0158 

POSE_END

avgDiffs -70.4404
AVGDIFFS_END

floorLevels 58
FLOORLEVELS_END

