pose_0 4.94803 -63.5766 5.37114 
pose_0 0.30725 -46.7602 -2.12491 
pose_0 12.0981 -41.9616 2.34964 
pose_0 27.5336 -23.0226 10.6989 
pose_0 9.70375 -19.6468 23.646 
pose_0 -11.1935 -43.5644 -9.63883 
pose_0 -28.983 -19.6238 -11.0064 
pose_0 -15.3972 -3.56853 -11.7719 
pose_0 8.06373 -2.40007 8.46537 
pose_0 5.46966 37.906 32.0194 
pose_0 21.748 74.573 27.1091 
pose_0 -8.5854 1.32413 -7.23776 
pose_0 -34.7499 28.1376 11.7261 
pose_0 -27.2074 57.3071 21.7728 
pose_0 0 0 0 
pose_0 -0.368113 -22.3034 -3.33531 
pose_0 1.20589 -53.1765 3.15744 
pose_0 4.25306 -21.513 28.4045 
pose_0 -12.8115 1.00602 -11.7954 
pose_0 10.8501 77.7405 33.9517 
pose_0 -36.2192 60.3763 36.8446 

pose_1 0.747297 -59.6221 -12.3127 
pose_1 -3.60041 -42.5045 -13.2102 
pose_1 -10.1512 -37.9987 -17.8846 
pose_1 24.2327 -23.5543 6.07392 
pose_1 14.0173 -9.37771 17.2449 
pose_1 -13.6856 -36.6546 -11.7137 
pose_1 -26.1989 -11.864 -12.4595 
pose_1 -12.274 -4.61603 -17.1523 
pose_1 8.86528 -2.57752 7.17994 
pose_1 0.635457 38.6448 24.8547 
pose_1 8.69897 72.7785 28.243 
pose_1 -8.41557 1.46367 -4.5128 
pose_1 -32.4388 29.3481 3.99986 
pose_1 -32.7499 58.0505 19.9239 
pose_1 0 0 0 
pose_1 -2.06307 -20.1748 -7.23392 
pose_1 -1.00095 -48.7719 -9.03506 
pose_1 -11.5253 -1.62276 -10.9321 
pose_1 -11.5759 0.647684 -13.3277 
pose_1 3.86368 73.6614 39.9593 
pose_1 -45.6396 59.2738 26.232 

POSE_END

avgDiffs -73.3618
AVGDIFFS_END

floorLevels 1
FLOORLEVELS_END

