pose_0 51.6822 2.99386 11.955 
pose_0 37.7563 7.78509 5.52426 
pose_0 8.2006 -29.1898 -16.7907 
pose_0 12.5071 -2.03731 1.24383 
pose_0 -7.64016 9.44089 15.02 
pose_0 1.49611 -28.807 -18.2984 
pose_0 6.75471 9.46106 -31.4936 
pose_0 -11.8345 10.0717 -10.002 
pose_0 5.21437 -2.13865 5.98383 
pose_0 7.96238 32.3571 24.3586 
pose_0 -10.2699 68.7545 24.1269 
pose_0 -3.9222 4.54798 -4.92072 
pose_0 0.735642 33.1837 7.41581 
pose_0 40.8209 56.7851 -9.3177 
pose_0 0 0 0 
pose_0 2.75805 -13.0209 -13.4513 
pose_0 45.6346 10.4642 7.0594 
pose_0 48.1949 8.03896 -19.7368 
pose_0 44.9649 5.37723 -22.6539 
pose_0 56.3186 -17.6353 -9.23277 
pose_0 42.1048 63.6864 -11.3368 

pose_1 52.7946 -13.8399 12.6837 
pose_1 34.2578 6.29904 8.21621 
pose_1 4.97955 -35.2199 -9.79937 
pose_1 7.29668 -6.78075 -9.03252 
pose_1 43.1405 14.8546 -9.24572 
pose_1 2.8334 -30.7616 -16.0989 
pose_1 8.35135 1.59506 -33.7422 
pose_1 40.9391 19.6749 -11.2262 
pose_1 1.98083 -1.50154 4.7611 
pose_1 8.9037 32.7749 20.785 
pose_1 -3.11057 58.1997 31.9819 
pose_1 -4.50697 3.75349 -4.41579 
pose_1 -7.99562 34.2527 9.36442 
pose_1 35.272 58.8885 3.3368 
pose_1 0 0 0 
pose_1 -0.511776 -2.96289 -0.890597 
pose_1 41.2441 6.93872 10.471 
pose_1 51.9194 -20.7823 -27.6648 
pose_1 53.5556 -22.1609 3.60825 
pose_1 29.4513 62.9017 14.0127 
pose_1 27.5854 65.2778 1.22001 

POSE_END

avgDiffs 60.6487
AVGDIFFS_END

floorLevels 1
FLOORLEVELS_END

