pose_0 2.10863 -66.2785 -6.11012 
pose_0 0.312734 -46.6106 -8.29266 
pose_0 13.7534 -42.2259 -7.31644 
pose_0 30.5324 -22.0796 -4.37679 
pose_0 14.4858 -8.46041 -2.36047 
pose_0 -12.2968 -41.9823 -8.25169 
pose_0 -28.7528 -25.7088 4.24631 
pose_0 -11.6133 -10.5549 2.8559 
pose_0 9.84407 0.347005 -4.77951 
pose_0 9.64771 41.2976 18.2499 
pose_0 -11.2439 46.4261 11.5351 
pose_0 -10.0748 -1.4657 5.10616 
pose_0 1.6887 37.0727 28.3671 
pose_0 -11.7749 46.751 29.9035 
pose_0 0 0 0 
pose_0 0.0922746 -21.6893 -5.88678 
pose_0 0.67834 -54.2796 -2.42188 
pose_0 9.33053 -13.6056 5.17576 
pose_0 -5.98574 -10.264 5.19402 
pose_0 0.182318 68.2304 24.5434 
pose_0 0.34877 63.4043 38.4156 

pose_1 -5.27044 -60.2021 -21.8489 
pose_1 -9.6723 -42.336 -15.1834 
pose_1 6.53836 -39.8937 -15.7412 
pose_1 25.8624 -24.0494 -2.41032 
pose_1 18.3781 -10.9863 -0.187246 
pose_1 -19.5643 -35.8167 -14.1987 
pose_1 -28.5003 -16.275 -3.03518 
pose_1 -16.2793 -7.28036 5.72558 
pose_1 10.6674 -0.1056 -2.12684 
pose_1 -1.90731 46.2121 6.08924 
pose_1 -24.0181 69.0493 10.7043 
pose_1 -9.12867 -0.510522 3.42874 
pose_1 -2.67002 43.051 22.949 
pose_1 -8.31773 78.4989 32.1306 
pose_1 0 0 0 
pose_1 -0.673059 -19.9008 -9.0259 
pose_1 -7.0429 -49.0145 -14.1732 
pose_1 11.0912 -17.3082 -1.04062 
pose_1 -19.0989 -7.73647 13.1078 
pose_1 -16.3932 83.4378 17.6825 
pose_1 0.460446 81.2255 38.3407 

POSE_END

avgDiffs -75.778
AVGDIFFS_END

floorLevels 4
FLOORLEVELS_END

