pose_0 3.61056 -66.3829 -4.626 
pose_0 0.511568 -46.4997 -5.47707 
pose_0 12.7815 -41.7921 -2.4581 
pose_0 30.3135 -21.9086 1.35863 
pose_0 15.7581 -11.3555 7.56465 
pose_0 -11.9231 -43.7694 -4.2977 
pose_0 -28.6128 -23.8811 3.10924 
pose_0 -15.3685 -11.513 5.44755 
pose_0 11.9344 -0.750562 0.260747 
pose_0 -1.49645 39.736 21.7648 
pose_0 -2.1071 72.8539 42.9369 
pose_0 -11.5256 -0.718476 1.75474 
pose_0 9.12062 40.8771 21.2616 
pose_0 3.33849 79.4215 34.0988 
pose_0 0 0 0 
pose_0 -0.108979 -23.1453 -2.64203 
pose_0 1.09863 -54.2075 -0.669572 
pose_0 3.82094 -13.2944 6.97059 
pose_0 -10.7662 -11.5443 7.26347 
pose_0 -2.78805 78.996 39.6776 
pose_0 0.99543 79.9957 41.1071 

pose_1 40.183 -18.9917 10.282 
pose_1 31.0399 -18.5833 7.12206 
pose_1 8.52036 -30.9149 -13.4941 
pose_1 9.64097 -7.12022 -2.84401 
pose_1 -7.90697 8.98949 16.2775 
pose_1 1.8595 -29.7522 -17.3181 
pose_1 6.50778 10.2167 -32.4536 
pose_1 -9.60979 10.2913 -6.29293 
pose_1 -0.839715 -1.72974 6.80392 
pose_1 8.15401 37.0423 18.6324 
pose_1 32.8293 62.8779 19.7155 
pose_1 -5.11932 3.01115 -4.36422 
pose_1 -4.16262 36.5484 5.89587 
pose_1 37.1057 -26.5957 -52.332 
pose_1 0 0 0 
pose_1 2.98307 -13.1326 -11.9227 
pose_1 33.6468 -22.6426 11.9 
pose_1 42.6777 -27.8514 -35.5632 
pose_1 37.9611 -35.7006 -14.0032 
pose_1 37.1082 -39.8841 -60.9264 
pose_1 37.48 -34.8061 -66.5771 

POSE_END

avgDiffs -73.3626
AVGDIFFS_END

floorLevels 0
FLOORLEVELS_END

