pose_0 19.0265 -30.8544 22.3527 
pose_0 11.4266 -15.6107 13.042 
pose_0 11.0757 -23.0381 11.279 
pose_0 9.85235 -28.9132 -13.2613 
pose_0 7.41113 -38.7695 -7.72434 
pose_0 9.55164 -10.8143 8.61567 
pose_0 16.2912 -36.9456 -12.1347 
pose_0 5.93638 -38.0851 -12.3935 
pose_0 5.43107 1.42425 -2.37821 
pose_0 -5.23041 39.3625 10.6727 
pose_0 17.0231 62.0864 31.6804 
pose_0 4.71433 -2.15172 -0.559234 
pose_0 -9.12289 34.9254 5.39209 
pose_0 13.0504 68.864 32.0666 
pose_0 0 0 0 
pose_0 0.852103 -13.9223 -11.1733 
pose_0 5.75919 -31.6388 15.3264 
pose_0 15.7443 -35.1491 -17.3751 
pose_0 4.94921 -39.0321 -13.32 
pose_0 12.9032 65.4272 40.8124 
pose_0 13.5658 72.4109 25.9613 

pose_1 -3.64651 -63.8907 -13.8678 
pose_1 -5.69989 -41.6286 -14.4777 
pose_1 8.48384 -40.0513 -13.3293 
pose_1 27.2606 -22.4696 -7.34834 
pose_1 17.1431 -6.16125 -7.87141 
pose_1 -17.0566 -38.0545 -13.618 
pose_1 -28.2353 -19.9999 -4.08842 
pose_1 -18.6805 -5.74842 -1.64845 
pose_1 8.26908 -0.0581002 -1.30502 
pose_1 11.026 44.7012 10.1145 
pose_1 -4.87562 78.4119 20.4217 
pose_1 -9.73022 -0.0290915 2.70233 
pose_1 -2.48275 44.9145 18.435 
pose_1 -3.38462 69.853 41.1601 
pose_1 0 0 0 
pose_1 -0.0972017 -18.9259 -8.43235 
pose_1 -4.74399 -49.9197 -11.5445 
pose_1 9.89023 -15.8783 -5.0512 
pose_1 -17.3797 -5.92657 1.98147 
pose_1 -0.441914 85.2472 9.88688 
pose_1 5.87333 81.5854 33.9463 

POSE_END

avgDiffs -72.3863
AVGDIFFS_END

floorLevels 413
FLOORLEVELS_END

