pose_0 35.6321 -16.8377 16.1866 
pose_0 25.0867 -16.7676 8.72708 
pose_0 7.17169 -31.6196 -16.0113 
pose_0 6.43068 -6.83302 -2.54559 
pose_0 -7.4277 8.83501 14.6124 
pose_0 22.8187 -11.5081 3.72174 
pose_0 6.94171 10.758 -33.0599 
pose_0 -11.7311 10.6717 -9.73412 
pose_0 4.7279 -1.51664 5.62588 
pose_0 5.99889 35.8822 18.188 
pose_0 27.7549 -18.4028 -43.1882 
pose_0 -6.07735 3.82843 -4.59431 
pose_0 -9.58222 36.483 5.80133 
pose_0 31.607 -17.441 -36.3461 
pose_0 0 0 0 
pose_0 3.03169 -12.9395 -13.1114 
pose_0 25.2193 -12.8689 14.0317 
pose_0 -7.90521 9.76298 21.9643 
pose_0 37.0253 -36.0365 -0.701554 
pose_0 40.9127 -32.3961 -63.7383 
pose_0 -7.22919 73.0032 29.8817 

pose_1 -2.16404 -65.7629 -9.97102 
pose_1 0.230557 -46.0641 -8.9132 
pose_1 12.9317 -40.6698 -9.98136 
pose_1 29.6685 -21.4473 -6.26449 
pose_1 16.6131 -8.80921 -5.44214 
pose_1 -12.3346 -42.2338 -4.7495 
pose_1 -28.6665 -24.5583 10.4872 
pose_1 -13.9151 -12.6245 10.2006 
pose_1 9.55627 0.484332 -4.8149 
pose_1 34.9833 20.411 17.2376 
pose_1 33.5227 53.5197 25.3925 
pose_1 -9.64509 -1.23454 5.7241 
pose_1 -3.72535 36.9273 32.2384 
pose_1 -9.1969 69.9838 36.2688 
pose_1 0 0 0 
pose_1 0.487136 -20.5553 -4.56501 
pose_1 -0.312162 -53.4225 -4.03977 
pose_1 12.5722 -8.72917 -5.65349 
pose_1 -9.23553 -15.7338 16.2353 
pose_1 37.9167 60.1537 40.3375 
pose_1 -7.01321 70.5252 47.6828 

POSE_END

avgDiffs 74.8042
AVGDIFFS_END

floorLevels 7
FLOORLEVELS_END

