pose_0 -1.51408 -65.2379 14.2628 
pose_0 -2.62554 -46.4041 -0.335169 
pose_0 9.0985 -41.1189 4.09288 
pose_0 26.8208 -23.5943 6.29463 
pose_0 9.92874 -13.4965 13.9929 
pose_0 -13.9432 -42.9818 -7.05269 
pose_0 -30.3856 -19.6069 -9.76454 
pose_0 -18.0532 -6.57079 -6.45646 
pose_0 8.31591 -2.48811 7.75218 
pose_0 9.70523 38.3734 30.0597 
pose_0 23.7705 74.8033 26.8594 
pose_0 -9.37243 1.18193 -5.69257 
pose_0 -31.4027 29.5112 20.8361 
pose_0 -24.4142 60.7624 26.4288 
pose_0 0 0 0 
pose_0 -0.532963 -23.0229 -3.60072 
pose_0 -4.91803 -52.3539 6.08662 
pose_0 2.49878 -14.624 17.097 
pose_0 -14.1895 -3.671 -6.57229 
pose_0 14.8825 80.3706 33.5034 
pose_0 -33.1107 62.112 40.451 

pose_1 47.9776 -0.985297 5.78315 
pose_1 33.3481 2.6264 7.81079 
pose_1 9.24084 -31.1664 -14.045 
pose_1 8.37341 -8.87374 -2.89458 
pose_1 37.7359 -13.7115 -13.5851 
pose_1 26.4571 2.1259 -9.72983 
pose_1 8.29177 10.0077 -31.2455 
pose_1 -10.2661 11.8426 -10.764 
pose_1 3.54945 -2.03802 5.74032 
pose_1 4.94873 31.966 23.7045 
pose_1 43.4957 7.0843 -40.2294 
pose_1 -5.53206 4.02333 -5.11799 
pose_1 2.95278 33.0193 6.56281 
pose_1 47.2317 3.68815 -42.0439 
pose_1 0 0 0 
pose_1 3.51024 -13.2216 -12.6026 
pose_1 40.576 5.71148 5.38383 
pose_1 47.3426 -16.6825 -24.1588 
pose_1 40.6782 -20.5999 -10.0625 
pose_1 47.6665 -14.5658 -23.0382 
pose_1 29.2094 68.44 6.114 

POSE_END

avgDiffs -68.4671
AVGDIFFS_END

floorLevels 2
FLOORLEVELS_END

