pose_0 57.9224 -2.83014 4.72949 
pose_0 -3.16003 -27.8584 -21.7988 
pose_0 8.67777 -29.6004 -16.6507 
pose_0 12.8323 -3.06191 -0.255498 
pose_0 -7.06666 11.4597 15.2836 
pose_0 2.10425 -28.4746 -20.1185 
pose_0 6.07752 9.28394 -30.9426 
pose_0 -11.2846 11.5058 -11.2822 
pose_0 2.95766 -2.19186 6.35029 
pose_0 7.65523 31.4047 25.5865 
pose_0 -12.7244 68.7991 22.6735 
pose_0 -3.73054 4.60001 -5.02885 
pose_0 1.03991 32.3448 9.93919 
pose_0 57.5924 28.5193 -23.3137 
pose_0 0 0 0 
pose_0 3.04258 -13.1004 -13.7495 
pose_0 46.7771 6.65661 3.57881 
pose_0 61.1427 -15.464 -19.4315 
pose_0 59.5221 -16.1146 -8.70201 
pose_0 65.6488 -14.3047 -13.1172 
pose_0 44.9026 68.1336 -5.24991 

pose_1 -4.4924 -67.7907 2.0631 
pose_1 -0.700483 -45.1198 1.10945 
pose_1 -5.42204 -40.6421 -10.0082 
pose_1 -14.9087 -11.5733 -14.1331 
pose_1 -13.3998 9.14723 -24.5357 
pose_1 4.25647 -41.6284 10.9009 
pose_1 9.81453 -16.6341 23.1086 
pose_1 17.5338 4.97441 18.1261 
pose_1 -5.71022 -0.188283 -5.86296 
pose_1 -2.52957 46.7383 2.46307 
pose_1 -9.12998 75.23 21.2094 
pose_1 5.73592 -0.38324 5.57298 
pose_1 1.58571 45.3737 18.2179 
pose_1 -8.39776 76.0741 34.2566 
pose_1 0 0 0 
pose_1 -0.343502 -21.1892 2.05683 
pose_1 1.56082 -51.834 1.76716 
pose_1 -12.6266 18.3139 -25.7347 
pose_1 19.5829 13.194 18.3193 
pose_1 0.150945 83.3339 21.8085 
pose_1 2.60487 81.1269 33.3261 

POSE_END

avgDiffs 58.2511
AVGDIFFS_END

floorLevels 368
FLOORLEVELS_END

