pose_0 2.28077 -65.1636 -10.9271 
pose_0 -0.204481 -45.6526 -11.0285 
pose_0 10.5121 -41.8807 -9.29051 
pose_0 29.6144 -22.2448 -8.59303 
pose_0 16.0181 -9.31177 -7.09424 
pose_0 -13.2097 -43.3039 -7.79699 
pose_0 -29.5649 -24.2329 2.85793 
pose_0 -15.1342 -9.94301 2.94282 
pose_0 10.4413 0.233948 -2.84459 
pose_0 18.9058 38.0146 18.7385 
pose_0 4.47262 62.5732 35.1145 
pose_0 -10.9413 -0.366787 4.06712 
pose_0 -2.73405 39.8358 28.6428 
pose_0 1.28171 74.355 42.9505 
pose_0 0 0 0 
pose_0 -0.834138 -21.1165 -5.50031 
pose_0 -0.693838 -53.7154 -7.72761 
pose_0 12.8851 -6.41541 -9.25729 
pose_0 -9.60735 -13.2833 4.25116 
pose_0 7.92742 71.5793 43.9033 
pose_0 10.0524 72.419 49.9859 

pose_1 -0.444828 -66.0798 -10.4867 
pose_1 -6.55045 -43.4732 -12.3052 
pose_1 9.11251 -41.0223 -12.8546 
pose_1 29.1213 -23.5436 -3.42486 
pose_1 19.0341 -8.91519 4.55208 
pose_1 -17.9026 -39.0859 -8.66452 
pose_1 -29.7247 -17.9887 2.43184 
pose_1 -19.7837 -5.63918 11.3136 
pose_1 11.1591 0.0368997 -3.20026 
pose_1 10.7148 43.7605 12.9932 
pose_1 -5.5514 64.2306 20.1279 
pose_1 -10.45 -0.816803 3.95311 
pose_1 -0.228713 41.0545 26.8488 
pose_1 -5.65863 64.6149 34.0219 
pose_1 0 0 0 
pose_1 -1.45594 -19.2699 -8.83519 
pose_1 -4.34089 -51.8032 -6.93068 
pose_1 15.2672 -6.48917 7.88107 
pose_1 -18.6221 -5.90868 17.6419 
pose_1 1.27983 74.5401 13.2011 
pose_1 2.23059 72.0142 37.0704 

POSE_END

avgDiffs -72.8741
AVGDIFFS_END

floorLevels 4
FLOORLEVELS_END

