pose_0 0.215696 -66.0468 -5.76398 
pose_0 0.392081 -46.1942 -5.73793 
pose_0 12.6303 -41.6147 -2.78126 
pose_0 29.6361 -22.1592 1.92743 
pose_0 16.549 -11.3445 9.35893 
pose_0 -12.1898 -43.7943 -3.88576 
pose_0 -28.7026 -23.474 0.555829 
pose_0 -15.5983 -10.9042 3.71411 
pose_0 12.1898 -0.986831 0.730565 
pose_0 -1.36858 39.3418 21.5804 
pose_0 -2.45211 72.9163 41.1772 
pose_0 -11.6683 -0.542967 1.35832 
pose_0 9.02889 40.736 21.9426 
pose_0 2.46644 79.6703 33.9202 
pose_0 0 0 0 
pose_0 0.0665145 -22.9256 -2.48785 
pose_0 0.988663 -53.8685 -0.657989 
pose_0 4.15546 -13.0474 9.34651 
pose_0 -11.1233 -10.6733 5.49144 
pose_0 -3.10257 79.64 37.4612 
pose_0 1.30432 80.5485 40.1959 

pose_1 40.1264 -19.6702 5.61544 
pose_1 30.4375 -19.0569 5.81537 
pose_1 9.00019 -28.394 -14.9079 
pose_1 10.127 -7.15054 -2.99605 
pose_1 -7.57527 9.19687 15.6267 
pose_1 28.6654 -16.7544 0.272619 
pose_1 6.67439 9.78854 -31.3807 
pose_1 -9.26071 10.2774 -6.00959 
pose_1 -0.689186 -1.75 6.74665 
pose_1 8.52712 36.5816 19.308 
pose_1 32.8359 63.103 19.7105 
pose_1 -5.07973 3.05426 -4.41106 
pose_1 -4.07954 36.2025 5.9407 
pose_1 35.2447 -29.9502 -50.1256 
pose_1 0 0 0 
pose_1 2.97553 -13.2638 -11.7519 
pose_1 33.6284 -23.2232 10.3561 
pose_1 42.6988 -28.5754 -37.7589 
pose_1 37.0607 -37.6921 -17.1144 
pose_1 36.6179 -39.1435 -57.4446 
pose_1 38.3106 -36.9001 -62.4762 

POSE_END

avgDiffs -73.3324
AVGDIFFS_END

floorLevels 1
FLOORLEVELS_END

