pose_0 24.1194 -29.922 14.6244 
pose_0 25.1492 -6.93433 5.84898 
pose_0 5.63587 -34.9126 -10.1543 
pose_0 -7.67864 4.04055 0.738819 
pose_0 23.8477 -33.8674 -20.0748 
pose_0 26.1014 -15.2144 4.98188 
pose_0 4.03508 0.952004 -33.2142 
pose_0 -9.08035 13.2761 -8.2993 
pose_0 -0.137877 -0.593024 5.44199 
pose_0 -0.643037 36.0621 17.1956 
pose_0 23.8714 -36.117 -37.2828 
pose_0 -3.54657 3.61796 -5.18751 
pose_0 -7.92549 36.6654 4.98952 
pose_0 24.579 69.706 12.0264 
pose_0 0 0 0 
pose_0 3.74854 -13.9405 -10.5598 
pose_0 26.687 -12.2933 13.1289 
pose_0 24.1839 -31.4791 -27.2633 
pose_0 24.3431 -36.9509 -0.317068 
pose_0 24.9165 -46.8927 -52.742 
pose_0 27.7517 72.6082 18.2934 

pose_1 49.1875 -16.5836 4.67736 
pose_1 2.06562 -29.2125 -17.7541 
pose_1 6.01974 -31.0429 -13.7432 
pose_1 8.98424 -6.33119 -2.26022 
pose_1 -4.04972 11.31 15.7478 
pose_1 3.13265 -27.4051 -18.8152 
pose_1 5.13675 9.32719 -33.0705 
pose_1 -10.7571 9.69112 -8.18968 
pose_1 4.30031 -2.08515 6.60752 
pose_1 9.74595 32.9936 21.9568 
pose_1 46.1109 -18.7409 -38.7726 
pose_1 -5.75825 3.51046 -4.18303 
pose_1 -10.0979 34.719 8.60932 
pose_1 47.4951 -21.127 -32.3068 
pose_1 0 0 0 
pose_1 2.87701 -13.5845 -12.5852 
pose_1 43.387 -4.36906 -0.197787 
pose_1 51.5809 -23.5762 -30.2113 
pose_1 45.7445 -30.2824 -11.4135 
pose_1 50.9578 -31.8013 -40.2698 
pose_1 49.3574 -32.3205 -37.7536 

POSE_END

avgDiffs -70.4152
AVGDIFFS_END

floorLevels 58
FLOORLEVELS_END

