pose_0 6.42385 -60.2397 -7.76267 
pose_0 0.782385 -45.0254 -7.28689 
pose_0 12.6798 -39.8558 -2.83838 
pose_0 29.4704 -24.6573 2.17789 
pose_0 5.7979 -18.7368 17.6129 
pose_0 -10.716 -41.1385 -12.1271 
pose_0 -27.4509 -19.8495 -12.2938 
pose_0 -14.4073 -5.72434 -12.9604 
pose_0 9.00959 -2.45395 7.72009 
pose_0 9.46531 39.2689 25.9776 
pose_0 22.6756 75.2479 27.5596 
pose_0 -11.0181 0.820077 -5.77924 
pose_0 -34.3906 28.7876 9.44369 
pose_0 21.2612 75.1582 25.6232 
pose_0 0 0 0 
pose_0 -1.64033 -22.1027 -5.3371 
pose_0 0.843445 -50.6828 -1.9352 
pose_0 4.40792 -23.5067 26.3753 
pose_0 -13.5343 -5.79694 -9.42236 
pose_0 11.3796 78.1591 32.9075 
pose_0 12.5337 79.1685 27.3227 

pose_1 -8.07839 -59.9419 -12.8252 
pose_1 -6.93037 -43.7317 -7.32907 
pose_1 7.11544 -40.1839 -8.73418 
pose_1 25.5518 -26.4217 -0.350988 
pose_1 10.5614 -12.2473 8.12652 
pose_1 -17.256 -40.9534 -7.5914 
pose_1 -29.7889 -14.3495 -3.45216 
pose_1 -20.3675 -4.32093 -5.06552 
pose_1 7.19486 -2.0123 7.38375 
pose_1 3.77542 40.6931 20.9866 
pose_1 9.25141 75.9732 27.2508 
pose_1 -9.22489 0.406339 -3.28115 
pose_1 -32.1441 30.8934 2.69685 
pose_1 -32.2536 61.6506 18.1093 
pose_1 0 0 0 
pose_1 -3.01388 -20.819 -6.7937 
pose_1 -7.10219 -49.0339 -5.50112 
pose_1 2.92377 -14.6782 8.81775 
pose_1 -21.6202 2.05149 -2.25865 
pose_1 4.53084 77.1693 38.3748 
pose_1 -41.1609 63.0031 31.264 

POSE_END

avgDiffs -73.3419
AVGDIFFS_END

floorLevels 5
FLOORLEVELS_END

