pose_0 1.03175 -66.9168 -4.92624 
pose_0 0.145076 -46.4519 -5.7552 
pose_0 12.5186 -41.8557 -3.0675 
pose_0 29.9461 -22.16 -0.055901 
pose_0 16.2267 -11.2702 7.13657 
pose_0 -12.3788 -43.8155 -4.17608 
pose_0 -28.5586 -23.7251 2.69727 
pose_0 -13.401 -10.7047 2.88252 
pose_0 11.9404 -0.668495 -0.151011 
pose_0 -2.21807 40.2664 19.9274 
pose_0 -2.71681 73.5786 40.5313 
pose_0 -11.4917 -0.578843 1.84516 
pose_0 8.11344 41.4254 20.2825 
pose_0 2.35634 79.5996 34.758 
pose_0 0 0 0 
pose_0 0.0268128 -22.7927 -2.41549 
pose_0 0.722201 -54.3727 -0.901492 
pose_0 7.05145 -12.7677 6.96514 
pose_0 -11.4455 -11.2119 7.76166 
pose_0 -3.54675 79.6269 38.5189 
pose_0 -0.183722 80.3714 42.7623 

pose_1 -3.89208 -64.7715 -12.4725 
pose_1 -7.44379 -42.8162 -12.6751 
pose_1 6.51964 -41.1342 -14.0021 
pose_1 25.9284 -25.1328 -5.90773 
pose_1 17.9395 -8.93332 -7.94055 
pose_1 -17.2161 -39.2711 -12.2569 
pose_1 -25.5702 -16.7193 -7.93241 
pose_1 -18.4462 -8.40162 0.67546 
pose_1 7.98493 -0.408428 -0.892028 
pose_1 4.18329 46.0195 9.32075 
pose_1 1.68551 81.5072 25.4431 
pose_1 -8.47551 0.244261 1.9433 
pose_1 -6.6187 44.8969 17.748 
pose_1 -3.64975 82.4088 27.9552 
pose_1 0 0 0 
pose_1 -0.843368 -19.5959 -7.3722 
pose_1 -5.97789 -51.1094 -13.8068 
pose_1 9.77282 -14.2255 -5.37718 
pose_1 -18.0949 -8.80743 5.76116 
pose_1 5.84504 82.1563 39.1811 
pose_1 1.13669 81.9699 40.7515 

POSE_END

avgDiffs -73.8287
AVGDIFFS_END

floorLevels 2
FLOORLEVELS_END

