pose_0 1.46091 -65.3434 -10.0219 
pose_0 0.433459 -46.0801 -7.64627 
pose_0 -2.36082 -44.0822 2.73938 
pose_0 -2.72939 -22.0487 25.099 
pose_0 -8.58139 -5.97737 20.187 
pose_0 0.901027 -41.2237 -18.7973 
pose_0 10.0047 -22.3424 -32.576 
pose_0 -2.64138 -7.97465 -27.3654 
pose_0 -1.3912 -1.75348 12.241 
pose_0 0.0361231 42.0059 20.0518 
pose_0 32.6643 66.2822 27.0917 
pose_0 -0.449305 1.98792 -12.3032 
pose_0 -22.6875 38.267 10.3296 
pose_0 -10.9976 70.1676 29.8845 
pose_0 0 0 0 
pose_0 0.923259 -23.103 -2.75343 
pose_0 -2.39512 -52.6612 -9.7281 
pose_0 -13.5743 -0.757077 21.1118 
pose_0 -8.69584 -3.51989 -27.6605 
pose_0 27.3251 77.329 27.3287 
pose_0 -20.8458 73.0787 37.4658 

pose_1 62.1448 0.866491 1.45305 
pose_1 0.0991333 -29.0276 -20.1331 
pose_1 9.6439 -30.1559 -16.149 
pose_1 10.6707 -8.67649 -3.12186 
pose_1 -5.98725 8.20962 16.4081 
pose_1 -5.10056 -32.711 -13.302 
pose_1 12.8308 1.2948 -31.8676 
pose_1 -10.5036 10.1558 -10.5728 
pose_1 3.51701 -2.10543 6.06234 
pose_1 5.82736 36.1793 19.7385 
pose_1 -10.9984 68.789 22.6517 
pose_1 -5.96309 3.9993 -4.9039 
pose_1 3.24489 33.2088 7.92931 
pose_1 38.5541 60.5211 -1.35426 
pose_1 0 0 0 
pose_1 3.59293 -12.9628 -13.1873 
pose_1 45.8276 10.9499 5.94376 
pose_1 62.6156 -8.0058 -27.0113 
pose_1 60.8937 -11.6816 -10.2127 
pose_1 39.374 65.536 7.98515 
pose_1 40.1179 67.1474 1.43944 

POSE_END

avgDiffs -62.0845
AVGDIFFS_END

floorLevels 0
FLOORLEVELS_END

