pose_0 4.57558 -63.8938 -6.3322 
pose_0 0.52293 -44.5147 -10.8528 
pose_0 10.0309 -40.9454 -6.03346 
pose_0 29 -24.3695 4.17965 
pose_0 4.96475 -14.9983 8.15999 
pose_0 -9.99189 -42.1892 -12.3465 
pose_0 -25.3262 -20.8855 -10.139 
pose_0 -13.4666 -8.59814 -12.8617 
pose_0 6.3445 -1.85328 6.61146 
pose_0 -28.8625 29.0319 14.5035 
pose_0 24.1233 77.3237 27.6571 
pose_0 -8.56373 1.42869 -5.48607 
pose_0 11.1182 44.0924 16.4895 
pose_0 23.2256 73.6261 32.535 
pose_0 0 0 0 
pose_0 -1.17665 -21.8218 -6.29204 
pose_0 2.25354 -50.5139 -7.37012 
pose_0 0.241792 -16.5423 6.73077 
pose_0 -9.81054 -8.40557 -13.3351 
pose_0 14.5835 82.9333 26.8775 
pose_0 15.8436 83.669 21.4713 

pose_1 -10.9321 -58.2697 -24.0543 
pose_1 -11.2837 -39.3033 -15.0215 
pose_1 5.73393 -35.9237 -13.9631 
pose_1 23.3506 -28.4822 -0.391596 
pose_1 12.791 -16.0459 13.441 
pose_1 -20.3634 -34.575 -14.3475 
pose_1 -30.7107 -14.2604 1.27976 
pose_1 -12.6432 -44.9977 -17.6247 
pose_1 7.61912 -2.40905 7.49964 
pose_1 5.23143 41.4412 21.4767 
pose_1 11.1402 78.554 28.0949 
pose_1 -9.99615 1.01122 -5.0393 
pose_1 -29.3573 33.7615 6.36099 
pose_1 -30.0707 70.4986 19.1237 
pose_1 0 0 0 
pose_1 -2.50115 -18.0754 -7.4187 
pose_1 -10.7374 -47.019 -14.384 
pose_1 4.38444 -18.5058 14.1466 
pose_1 -11.3518 -45.7559 -21.9735 
pose_1 6.9394 79.1647 40.9741 
pose_1 -38.6546 71.2422 34.4407 

POSE_END

avgDiffs -72.3941
AVGDIFFS_END

floorLevels 6
FLOORLEVELS_END

