pose_0 18.5328 -27.7372 18.1595 
pose_0 4.25255 -10.5078 9.99189 
pose_0 -3.97973 -12.8989 17.0369 
pose_0 3.69113 -33.8886 -1.90136 
pose_0 5.41981 -37.8325 -5.9442 
pose_0 5.5996 -15.2471 5.02481 
pose_0 10.2409 -39.358 -16.042 
pose_0 4.54295 -38.0456 -13.6602 
pose_0 -1.58355 -0.884382 4.86503 
pose_0 -5.81443 39.3644 10.4161 
pose_0 18.9712 63.0366 28.5982 
pose_0 3.46763 -1.8203 -0.882544 
pose_0 -10.0997 35.4699 4.22222 
pose_0 13.8136 72.7134 25.0096 
pose_0 0 0 0 
pose_0 0.0285465 -16.8287 -11.015 
pose_0 3.07111 -29.9061 16.7111 
pose_0 9.14634 -38.7909 -11.7307 
pose_0 7.99449 -38.669 -6.63821 
pose_0 18.5884 69.7975 43.5186 
pose_0 15.2166 74.7711 27.7095 

pose_1 -4.86178 -64.1466 -12.711 
pose_1 -6.15592 -42.3537 -13.6966 
pose_1 6.45275 -39.7464 -14.8586 
pose_1 26.1905 -23.7536 -11.4179 
pose_1 14.711 -10.7994 -13.1728 
pose_1 -16.3474 -39.3876 -11.629 
pose_1 -26.3764 -20.213 -9.5391 
pose_1 -19.3978 -7.46551 -3.54566 
pose_1 7.43985 0.00165543 -1.24443 
pose_1 7.73814 45.1711 11.3179 
pose_1 -1.15963 81.1738 18.4812 
pose_1 -8.43008 -0.0315907 1.79385 
pose_1 -4.64694 44.8844 19.1843 
pose_1 -4.08189 83.3569 27.1077 
pose_1 0 0 0 
pose_1 -0.299872 -18.7712 -8.42009 
pose_1 -2.97569 -50.3445 -14.7703 
pose_1 9.93006 -11.9985 -12.279 
pose_1 -18.9042 -7.69672 0.704188 
pose_1 7.08424 85.2489 29.002 
pose_1 7.13478 85.5068 32.8455 

POSE_END

avgDiffs -73.344
AVGDIFFS_END

floorLevels 411
FLOORLEVELS_END

