pose_0 15.314 -32.2702 21.8977 
pose_0 19.9514 -12.9173 18.6944 
pose_0 17.159 -9.59888 22.2349 
pose_0 -10.3479 2.0736 -2.3659 
pose_0 -4.70344 10.2186 14.7797 
pose_0 21.0979 -4.37021 13.7626 
pose_0 -8.58798 4.28451 -27.3545 
pose_0 -7.32851 10.1934 -3.86867 
pose_0 0.475855 -1.32629 4.96838 
pose_0 -5.32073 39.2472 10.8772 
pose_0 12.655 -22.9417 -20.1413 
pose_0 -3.92729 3.4545 -4.65208 
pose_0 -7.08922 35.0964 2.11717 
pose_0 18.2482 -18.3665 -18.0162 
pose_0 0 0 0 
pose_0 0.822493 -13.8992 -11.9711 
pose_0 18.348 -19.4542 22.8006 
pose_0 38.3908 25.9493 -0.161285 
pose_0 46.2359 -9.20388 16.0822 
pose_0 20.0006 -47.2232 -44.2205 
pose_0 12.6101 -44.2832 -51.6107 

pose_1 45.3161 -3.43731 11.6633 
pose_1 27.5282 -10.1111 12.4 
pose_1 7.01615 -31.6285 -13.2761 
pose_1 30.8775 -12.0377 -34.5966 
pose_1 -5.77388 12.4501 18.473 
pose_1 -4.92494 -32.243 -9.80022 
pose_1 5.67157 9.75387 -33.6231 
pose_1 -11.9226 10.4468 -7.68471 
pose_1 -0.00732682 -2.04493 6.72035 
pose_1 8.34591 39.4903 15.6164 
pose_1 34.0906 -19.7779 -60.7714 
pose_1 -6.11528 3.5296 -4.2869 
pose_1 -10.2043 36.729 8.56627 
pose_1 37.6803 -24.8114 -51.166 
pose_1 0 0 0 
pose_1 2.43633 -13.5384 -12.3208 
pose_1 32.2019 -12.8776 17.9442 
pose_1 -5.26267 10.3359 26.8283 
pose_1 39.156 24.7482 -8.02818 
pose_1 39.6061 -30.8739 -77.0413 
pose_1 39.3284 -27.2313 -75.7175 

POSE_END

avgDiffs -71.8836
AVGDIFFS_END

floorLevels 55
FLOORLEVELS_END

