pose_0 0.949986 -66.8758 -5.12716 
pose_0 0.0756572 -46.4188 -5.84936 
pose_0 12.4555 -41.8663 -3.08559 
pose_0 29.9206 -22.1884 -0.0687836 
pose_0 16.2306 -11.2699 7.06821 
pose_0 -12.4229 -43.7746 -4.25061 
pose_0 -28.5414 -23.7189 2.62456 
pose_0 -13.3453 -10.716 2.8083 
pose_0 11.9243 -0.658139 -0.161764 
pose_0 -2.21889 40.2834 19.8786 
pose_0 -2.72474 73.574 40.5317 
pose_0 -11.4927 -0.58008 1.83305 
pose_0 8.11999 41.4391 20.2207 
pose_0 2.34741 79.5867 34.7617 
pose_0 0 0 0 
pose_0 0.0076727 -22.7965 -2.43235 
pose_0 0.682113 -54.3321 -0.993626 
pose_0 7.07091 -12.7673 6.87248 
pose_0 -11.3952 -11.214 7.6999 
pose_0 -3.54923 79.6163 38.5303 
pose_0 -0.186697 80.3544 42.7769 

pose_1 -3.83767 -64.7777 -12.3917 
pose_1 -7.34399 -42.8478 -12.6734 
pose_1 6.54725 -41.1127 -14.0518 
pose_1 25.8847 -25.3228 -5.5705 
pose_1 17.9557 -8.90031 -7.72427 
pose_1 -17.1328 -39.3284 -12.2653 
pose_1 -25.5142 -16.7001 -8.07384 
pose_1 -18.3914 -8.35272 0.537224 
pose_1 8.01447 -0.424967 -0.738383 
pose_1 4.1847 46.0379 9.24505 
pose_1 1.66541 81.528 25.3526 
pose_1 -8.46658 0.265645 1.88397 
pose_1 -6.6074 44.9096 17.7547 
pose_1 -3.65408 82.4322 27.9509 
pose_1 0 0 0 
pose_1 -0.80495 -19.5864 -7.34429 
pose_1 -5.91364 -51.1147 -13.7827 
pose_1 9.82183 -14.1682 -5.27571 
pose_1 -18.0417 -8.75337 5.62678 
pose_1 5.84646 82.1966 39.0843 
pose_1 1.1272 81.9907 40.7077 

POSE_END

avgDiffs -73.8274
AVGDIFFS_END

floorLevels 2
FLOORLEVELS_END

