pose_0 3.11753 -65.1544 -6.99587 
pose_0 0.580406 -46.2651 -8.58451 
pose_0 13.6114 -41.973 -6.78842 
pose_0 30.1975 -22.2667 -2.31135 
pose_0 13.8521 -9.09323 -1.08753 
pose_0 -11.3617 -41.6783 -8.43147 
pose_0 -28.2524 -26.908 3.58397 
pose_0 -12.2995 -10.7603 2.10393 
pose_0 9.77635 0.0798283 -3.66495 
pose_0 17.273 38.2336 21.2741 
pose_0 -7.25072 43.3911 11.0228 
pose_0 -10.4956 -1.25741 4.07536 
pose_0 -0.84146 34.198 32.6673 
pose_0 -5.81584 44.0557 33.851 
pose_0 0 0 0 
pose_0 0.360363 -21.4931 -5.919 
pose_0 0.733394 -53.5405 -3.11966 
pose_0 9.09442 -14.433 6.56937 
pose_0 -6.54985 -10.5074 4.3942 
pose_0 -2.63275 68.7667 11.7159 
pose_0 -2.80912 66.9851 19.0087 

pose_1 34.7465 -19.9348 9.8965 
pose_1 1.72128 -30.3972 -18.143 
pose_1 8.40636 -30.3105 -14.407 
pose_1 7.95757 -4.57493 -1.166 
pose_1 35.1355 -29.1003 -36.9717 
pose_1 27.9826 -14.9632 -8.35067 
pose_1 4.77832 9.59176 -31.2856 
pose_1 33.7824 -29.1529 -21.7889 
pose_1 3.70141 -1.65612 5.91877 
pose_1 5.3187 36.2981 17.6664 
pose_1 -15.3582 69.1881 18.3014 
pose_1 -4.99138 2.68329 -4.22378 
pose_1 -12.1405 35.9433 5.67752 
pose_1 37.6869 49.3298 -3.80754 
pose_1 0 0 0 
pose_1 2.24229 -13.8507 -12.1321 
pose_1 33.7598 -22.9521 6.09338 
pose_1 40.7481 -26.5171 -44.5431 
pose_1 35.0357 -31.4156 -19.3438 
pose_1 32.0899 59.9297 6.75464 
pose_1 36.9159 -28.8305 -46.4235 

POSE_END

avgDiffs -76.3092
AVGDIFFS_END

floorLevels 345
FLOORLEVELS_END

