pose_0 3.313 -63.4201 -1.06832 
pose_0 0.92904 -46.2696 -7.01254 
pose_0 12.0883 -41.5531 0.0230841 
pose_0 28.0535 -25.1932 6.19511 
pose_0 10.2806 -14.5187 15.555 
pose_0 -12.0956 -42.6659 -11.0884 
pose_0 -30.4219 -21.7361 -8.05026 
pose_0 -14.8716 -7.08594 -11.3953 
pose_0 8.35353 -2.32982 8.1995 
pose_0 5.15765 37.6483 31.6448 
pose_0 -25.1255 60.5862 25.198 
pose_0 -9.70907 0.805757 -6.02118 
pose_0 -33.4987 29.3901 14.945 
pose_0 -28.1895 58.0453 27.4314 
pose_0 0 0 0 
pose_0 -0.509005 -22.4849 -4.25496 
pose_0 0.497121 -52.5683 -0.757758 
pose_0 -1.38003 -18.672 18.9473 
pose_0 -14.268 -4.08351 -10.8076 
pose_0 13.8521 78.4921 35.5406 
pose_0 15.0858 79.7289 29.617 

pose_1 -1.1439 -58.9096 -7.64699 
pose_1 -3.71185 -43.329 -10.5755 
pose_1 10.2278 -39.5085 -8.26412 
pose_1 25.1331 -23.6766 9.14357 
pose_1 12.6399 -10.3184 17.4114 
pose_1 -16.9322 -38.5325 -8.20365 
pose_1 -29.3866 -15.1645 -1.65018 
pose_1 -20.7651 -3.85699 -2.07065 
pose_1 8.87779 -3.03174 6.60347 
pose_1 0.602524 39.115 23.1002 
pose_1 9.77857 73.5629 24.8573 
pose_1 -9.94188 0.848258 -3.51303 
pose_1 -32.8303 30.8065 3.93625 
pose_1 -32.4023 61.5878 19.5316 
pose_1 0 0 0 
pose_1 -1.05494 -19.6805 -8.06577 
pose_1 -3.9094 -48.605 -7.28698 
pose_1 8.65858 -6.7969 21.3334 
pose_1 -18.1368 -1.78569 -2.67839 
pose_1 5.7967 74.9087 37.2111 
pose_1 -45.0114 61.7117 27.9006 

POSE_END

avgDiffs -72.43
AVGDIFFS_END

floorLevels 1
FLOORLEVELS_END

