pose_0 25.0588 -23.8085 17.5916 
pose_0 21.1868 -2.97459 10.7313 
pose_0 25.7205 -3.82451 7.35996 
pose_0 3.86563 -7.63968 -9.59356 
pose_0 13.3703 -37.0458 -13.6156 
pose_0 13.1988 -11.8632 5.04093 
pose_0 3.1502 -1.5047 -32.2415 
pose_0 -9.12995 10.8409 -7.5943 
pose_0 -1.10171 -1.26959 5.17744 
pose_0 -3.23498 34.2015 17.6236 
pose_0 10.6766 -28.061 -43.4908 
pose_0 -3.61084 3.07084 -4.57171 
pose_0 -8.98654 35.4582 6.12774 
pose_0 20.7011 66.0298 17.8765 
pose_0 0 0 0 
pose_0 0.87604 -13.8451 -12.0615 
pose_0 22.0839 -1.01832 11.3051 
pose_0 39.6035 27.2298 -5.38517 
pose_0 20.3941 -38.3379 -2.81462 
pose_0 16.7853 -49.2341 -55.929 
pose_0 17.6611 74.2017 20.1312 

pose_1 37.0621 -17.8706 2.98975 
pose_1 27.3846 -9.62345 6.29572 
pose_1 -4.78513 -32.2152 -10.5146 
pose_1 11.9474 -7.04898 -0.649746 
pose_1 -4.41719 6.74088 16.3605 
pose_1 -4.81813 -32.0724 -9.70866 
pose_1 5.16956 9.19388 -33.5945 
pose_1 31.8371 -0.925332 -29.521 
pose_1 3.98008 -1.57521 6.26037 
pose_1 7.01292 35.151 20.4118 
pose_1 34.1095 -13.7883 -59.1842 
pose_1 -6.20631 3.49802 -4.36864 
pose_1 -10.6908 36.2255 8.58254 
pose_1 38.787 -21.859 -52.9493 
pose_1 0 0 0 
pose_1 2.86695 -12.9934 -12.2091 
pose_1 32.6274 -12.3108 10.8451 
pose_1 40.6445 -25.6356 -45.2563 
pose_1 39.819 -41.5294 -12.0071 
pose_1 37.3005 -37.9536 -69.6242 
pose_1 38.2193 -32.5539 -67.9542 

POSE_END

avgDiffs -71.878
AVGDIFFS_END

floorLevels 135
FLOORLEVELS_END

