pose_0 2.67549 -66.3968 -5.14549 
pose_0 0.118117 -46.3865 -5.84113 
pose_0 12.4452 -41.8182 -3.01414 
pose_0 29.8941 -21.9844 -0.00604191 
pose_0 16.1292 -10.8287 5.95289 
pose_0 -12.3714 -43.6003 -4.21373 
pose_0 -28.6416 -23.5306 3.00164 
pose_0 -13.208 -10.3856 2.61505 
pose_0 11.8621 -0.652602 -0.20657 
pose_0 -2.12707 40.1429 20.27 
pose_0 -3.05771 73.3015 41.3117 
pose_0 -11.5157 -0.593278 1.84094 
pose_0 8.05201 41.2984 20.7463 
pose_0 2.24573 79.6829 35.2267 
pose_0 0 0 0 
pose_0 -0.0275142 -22.7976 -2.35536 
pose_0 0.735414 -54.2563 -0.950506 
pose_0 6.99413 -12.5528 5.79733 
pose_0 -11.2801 -10.9478 7.71807 
pose_0 -3.5671 79.7525 38.672 
pose_0 -0.0275517 80.4334 43.2426 

pose_1 -3.99866 -64.6373 -12.6177 
pose_1 -7.19962 -42.9414 -12.7978 
pose_1 4.84182 -41.4885 -13.3846 
pose_1 26.0606 -25.2925 -7.06121 
pose_1 18.276 -8.94835 -8.73355 
pose_1 -17.0087 -39.2261 -12.3702 
pose_1 -25.453 -16.7062 -8.80945 
pose_1 -18.1715 -8.32445 -0.170416 
pose_1 8.04147 -0.440885 -0.866058 
pose_1 4.38446 46.0694 9.50222 
pose_1 3.20494 81.8867 24.2564 
pose_1 -8.35329 0.317482 1.77796 
pose_1 -6.74913 45.0897 17.622 
pose_1 -3.63474 82.7358 27.4961 
pose_1 0 0 0 
pose_1 -0.810057 -19.5503 -7.26502 
pose_1 -5.94137 -51.07 -13.4571 
pose_1 10.2972 -14.2025 -5.7542 
pose_1 -17.7967 -8.75764 4.94004 
pose_1 5.93769 82.2805 39.1026 
pose_1 1.14815 82.1764 40.6518 

POSE_END

avgDiffs -73.8231
AVGDIFFS_END

floorLevels 3
FLOORLEVELS_END

