pose_0 2.53485 -64.9019 -7.67276 
pose_0 -1.07298 -45.9258 -8.05921 
pose_0 12.089 -43.5014 -7.49479 
pose_0 27.7732 -24.0267 -5.26715 
pose_0 17.4754 -9.77817 7.38303 
pose_0 -13.2655 -42.9672 -7.11934 
pose_0 -30.7868 -23.4463 1.99364 
pose_0 -13.8722 -8.22751 0.0714545 
pose_0 11.4498 -1.28949 1.06922 
pose_0 -1.73465 33.7606 33.3922 
pose_0 1.9382 64.0744 51.783 
pose_0 -10.404 -0.0355525 0.542216 
pose_0 6.91796 36.9929 26.5927 
pose_0 15.5533 59.9595 48.136 
pose_0 0 0 0 
pose_0 -0.514597 -21.3296 -5.93256 
pose_0 0.139084 -53.7543 -3.78542 
pose_0 16.4574 -6.63779 13.5388 
pose_0 -8.65225 -6.50598 2.43527 
pose_0 -1.39966 70.4302 53.2998 
pose_0 -0.0116378 71.165 51.5958 

pose_1 0.665721 -65.4728 -9.46368 
pose_1 -5.43264 -43.3784 -12.6751 
pose_1 9.7232 -39.8714 -14.4911 
pose_1 26.6825 -18.6753 -1.65547 
pose_1 10.3268 -10.9182 7.90809 
pose_1 -17.2757 -38.7445 -9.01302 
pose_1 -30.4191 -16.4338 -4.96236 
pose_1 -22.2968 -5.6182 9.5412 
pose_1 11.1208 -0.580931 0.246519 
pose_1 7.96662 41.2695 20.8249 
pose_1 11.7358 76.2582 31.5516 
pose_1 -12.0096 -0.192464 1.19291 
pose_1 -4.77421 40.908 23.0684 
pose_1 -5.86734 75.7392 31.0725 
pose_1 0 0 0 
pose_1 -0.990623 -19.8688 -9.27582 
pose_1 -4.13554 -49.7756 -7.73857 
pose_1 8.80314 -16.4186 15.4309 
pose_1 -21.7034 -6.09773 17.5938 
pose_1 12.0494 76.9957 43.1963 
pose_1 -3.66376 78.9661 39.2501 

POSE_END

avgDiffs -71.9136
AVGDIFFS_END

floorLevels 1
FLOORLEVELS_END

