pose_0 -1.29512 -66.3812 10.1544 
pose_0 -2.31752 -46.6481 -2.58388 
pose_0 9.48695 -41.5326 1.10069 
pose_0 28.2684 -23.8606 2.29279 
pose_0 10.3975 -13.4317 11.8572 
pose_0 -13.0874 -42.8336 -8.71498 
pose_0 -31.2116 -19.8966 -7.33765 
pose_0 -19.3514 -6.50236 -6.9696 
pose_0 8.76683 -2.03467 6.87792 
pose_0 8.11833 37.1732 32.5993 
pose_0 22.5317 75.3681 29.0034 
pose_0 -9.98795 1.26161 -5.4583 
pose_0 -32.9246 28.5292 20.1848 
pose_0 -27.2759 58.7547 26.5312 
pose_0 0 0 0 
pose_0 -0.744109 -22.7438 -4.57598 
pose_0 -4.78238 -52.7757 4.1991 
pose_0 2.00703 -19.2738 17.8127 
pose_0 -15.0326 0.296863 -8.86948 
pose_0 12.6943 78.2707 35.5159 
pose_0 -34.9197 61.2733 40.2165 

pose_1 48.9984 -1.65982 2.67213 
pose_1 -4.97431 -33.367 -15.2046 
pose_1 9.12729 -31.2874 -13.0544 
pose_1 8.35628 -8.10179 -3.3917 
pose_1 35.2505 -16.5222 -13.0702 
pose_1 4.62468 -29.7543 -16.6452 
pose_1 7.56957 11.0204 -30.8631 
pose_1 36.8514 -20.5124 -11.2377 
pose_1 3.38561 -1.86275 5.81497 
pose_1 3.98878 32.7703 23.6463 
pose_1 43.0902 4.98795 -39.0166 
pose_1 -5.66471 4.11134 -5.22899 
pose_1 2.29755 33.7685 6.36401 
pose_1 47.3277 -2.31686 -45.4782 
pose_1 0 0 0 
pose_1 3.55001 -14.2388 -12.1368 
pose_1 37.5986 -5.4816 12.8844 
pose_1 45.1261 -20.2701 -13.6057 
pose_1 39.8069 -22.6225 -8.78538 
pose_1 44.4747 -17.3981 -29.1944 
pose_1 30.3673 67.9696 1.14566 

POSE_END

avgDiffs -69.9283
AVGDIFFS_END

floorLevels 2
FLOORLEVELS_END

