pose_0 17.6492 -30.3029 21.4791 
pose_0 8.92439 -16.0828 10.6869 
pose_0 -2.08067 -13.6889 16.1098 
pose_0 -9.79541 3.69246 -3.20207 
pose_0 8.34643 -35.9418 -10.1815 
pose_0 9.13046 -12.6078 5.25573 
pose_0 12.8872 -33.9583 -2.29989 
pose_0 2.76304 -33.519 -9.69 
pose_0 4.12071 0.868435 -2.11437 
pose_0 -5.50268 39.6714 10.3085 
pose_0 5.05828 -32.1557 -37.1175 
pose_0 4.65572 -2.09405 -1.07849 
pose_0 -8.84083 34.8461 5.44083 
pose_0 10.1172 -37.1797 -30.4752 
pose_0 0 0 0 
pose_0 0.706535 -14.1918 -11.4012 
pose_0 12.5706 -10.0227 9.42799 
pose_0 17.1243 -34.3733 -14.8241 
pose_0 6.38 -36.0098 -10.753 
pose_0 8.6315 -44.2699 -43.3454 
pose_0 14.6478 68.9335 15.741 

pose_1 38.7646 -23.9416 10.0442 
pose_1 21.2137 -11.578 7.96244 
pose_1 9.03265 -29.8772 -14.3438 
pose_1 8.61268 -4.50262 -0.998772 
pose_1 35.9858 -25.5644 -31.0482 
pose_1 29.1282 -15.9598 -3.22776 
pose_1 4.55156 9.00205 -31.9416 
pose_1 -12.9133 10.7037 -8.77363 
pose_1 3.90437 -1.89444 6.39114 
pose_1 6.25439 40.0165 14.252 
pose_1 -13.3422 67.9281 21.775 
pose_1 -5.95045 3.30089 -4.43889 
pose_1 -5.82946 34.8609 6.11878 
pose_1 34.6151 -15.5778 -37.3319 
pose_1 0 0 0 
pose_1 3.75762 -13.2306 -11.5418 
pose_1 25.3293 -14.0967 11.4979 
pose_1 47.2656 -20.9644 -35.3645 
pose_1 38.3699 -38.2628 -8.68635 
pose_1 39.1028 -33.8099 -44.7414 
pose_1 42.7335 -29.4743 -55.9901 

POSE_END

avgDiffs -72.8507
AVGDIFFS_END

floorLevels 76
FLOORLEVELS_END

