pose_0 33.0736 -18.8252 10.7542 
pose_0 21.0602 -11.9859 11.3632 
pose_0 6.99031 -31.7502 -15.8916 
pose_0 6.26208 -7.37968 -1.8067 
pose_0 -7.7587 8.62169 15.1731 
pose_0 19.6112 -14.0485 5.63728 
pose_0 10.4273 8.30689 -31.3602 
pose_0 -12.0148 10.2373 -9.20218 
pose_0 -0.521317 -2.10251 7.09914 
pose_0 5.79768 35.5253 18.7849 
pose_0 24.8424 -11.5227 -43.4265 
pose_0 -6.16252 3.72105 -4.5165 
pose_0 -10.189 35.9502 6.28993 
pose_0 29.2114 -21.2912 -38.2738 
pose_0 0 0 0 
pose_0 2.92169 -12.9541 -13.137 
pose_0 23.8512 -14.4353 16.4752 
pose_0 -4.08772 12.4796 28.2103 
pose_0 35.2356 -33.9796 -9.01059 
pose_0 35.1932 -33.9465 -61.9664 
pose_0 36.3095 66.9332 0.568099 

pose_1 0.341284 -66.3466 -8.15198 
pose_1 0.131556 -46.463 -9.53225 
pose_1 14.8003 -41.9638 -10.437 
pose_1 31.925 -21.122 -8.87441 
pose_1 16.7547 -9.88241 -2.97613 
pose_1 -12.5454 -42.0656 -5.20965 
pose_1 -29.9627 -25.7131 9.59312 
pose_1 -14.5617 -12.254 12.7009 
pose_1 10.8594 0.596322 -4.36541 
pose_1 36.3397 20.0516 17.7207 
pose_1 33.9849 53.2312 25.9948 
pose_1 -10.3377 -1.43861 5.99503 
pose_1 -2.20527 34.8342 34.035 
pose_1 -8.68687 67.1093 32.5681 
pose_1 0 0 0 
pose_1 0.355179 -21.0533 -6.12024 
pose_1 0.759503 -54.5348 -4.90658 
pose_1 12.8123 -6.46055 -4.48485 
pose_1 -9.82403 -12.5907 15.8583 
pose_1 38.0404 60.486 40.6125 
pose_1 -5.78904 69.5328 46.4044 

POSE_END

avgDiffs 73.3583
AVGDIFFS_END

floorLevels 7
FLOORLEVELS_END

