pose_0 0.975694 -66.9011 -4.78736 
pose_0 -0.119514 -46.5004 -5.0831 
pose_0 12.412 -42.0716 -2.27289 
pose_0 29.8655 -22.1998 0.613541 
pose_0 15.9858 -11.0766 7.51192 
pose_0 -12.6009 -43.8608 -3.79806 
pose_0 -27.7776 -24.1792 2.67914 
pose_0 -13.2947 -10.5245 2.68021 
pose_0 11.8072 -0.699198 -0.144618 
pose_0 -2.25449 40.4075 19.7122 
pose_0 -2.0905 77.1473 35.2958 
pose_0 -11.5661 -0.563022 1.53792 
pose_0 7.99163 41.5469 20.2385 
pose_0 2.23626 79.6227 34.6388 
pose_0 0 0 0 
pose_0 0.0255961 -22.9476 -2.17694 
pose_0 0.42585 -54.3536 -0.209714 
pose_0 6.9347 -12.6321 7.96913 
pose_0 -11.4189 -11.0156 7.41155 
pose_0 -3.56445 79.6492 38.4373 
pose_0 -0.291001 80.3805 42.7406 

pose_1 -3.91327 -64.3029 -14.7318 
pose_1 -6.60545 -42.634 -15.2768 
pose_1 5.53832 -40.9942 -13.9976 
pose_1 25.9979 -24.7876 -6.96075 
pose_1 18.2262 -7.72576 -9.64743 
pose_1 -16.498 -39.0258 -14.184 
pose_1 -26.7893 -20.1075 -4.75657 
pose_1 -17.5509 -7.78356 -1.10325 
pose_1 7.77932 -0.176584 -0.237619 
pose_1 4.67681 46.1499 10.8301 
pose_1 2.15934 81.3212 24.3824 
pose_1 -8.40939 0.682524 0.730825 
pose_1 -7.61456 45.4942 17.5487 
pose_1 -3.31505 83.2762 25.1724 
pose_1 0 0 0 
pose_1 -0.821541 -19.4303 -7.61802 
pose_1 -4.99438 -51.2185 -15.9476 
pose_1 10.45 -13.6697 -8.96324 
pose_1 -16.9767 -8.37224 3.72691 
pose_1 5.88868 83.3405 36.8272 
pose_1 1.38895 83.3919 36.9531 

POSE_END

avgDiffs -73.8256
AVGDIFFS_END

floorLevels 2
FLOORLEVELS_END

