pose_0 3.94874 -67.6023 6.99768 
pose_0 -1.1731 -46.0601 -2.25387 
pose_0 8.29281 -42.0328 3.02944 
pose_0 28.7019 -22.6845 4.34721 
pose_0 11.0064 -13.1613 14.3329 
pose_0 -11.7317 -42.2093 -9.27277 
pose_0 -29.667 -20.1533 -8.9987 
pose_0 -19.2037 -6.5172 -7.26931 
pose_0 8.73328 -2.21739 7.12497 
pose_0 7.77385 37.903 30.8025 
pose_0 -24.0157 61.7124 24.3299 
pose_0 -9.74292 1.13214 -5.45257 
pose_0 -33.4498 29.0126 13.7878 
pose_0 -26.9045 59.0562 26.2711 
pose_0 0 0 0 
pose_0 -0.205525 -22.8331 -3.74922 
pose_0 -3.74386 -52.2692 2.03748 
pose_0 3.10022 -14.8231 17.5991 
pose_0 -14.8642 -3.42505 -8.91576 
pose_0 14.0476 78.1336 36.7189 
pose_0 15.355 79.5072 31.0083 

pose_1 0.198119 -60.966 -0.362933 
pose_1 -0.72594 -45.4817 -0.166826 
pose_1 9.79631 -40.9188 5.48947 
pose_1 24.4175 -22.7174 12.275 
pose_1 11.3994 -9.85438 22.2153 
pose_1 -12.8558 -40.5986 -6.60222 
pose_1 -32.3626 -19.7433 -3.83177 
pose_1 -23.6083 -6.66624 3.77491 
pose_1 8.54218 -2.61808 7.69013 
pose_1 0.314406 39.8073 23.1235 
pose_1 10.1876 75.4138 24.62 
pose_1 -10.4383 0.035023 -3.73729 
pose_1 -34.2511 30.0247 3.14709 
pose_1 -31.9524 61.339 18.4962 
pose_1 0 0 0 
pose_1 0.0760366 -22.2491 -4.60756 
pose_1 -4.02199 -49.5783 3.24778 
pose_1 7.31076 -5.80806 26.8522 
pose_1 -23.7527 -2.74449 7.08953 
pose_1 5.59255 76.5927 36.2049 
pose_1 -43.4169 63.0075 27.7022 

POSE_END

avgDiffs -70.4432
AVGDIFFS_END

floorLevels 2
FLOORLEVELS_END

