pose_0 2.57514 -66.5229 -4.84002 
pose_0 -0.0499189 -46.4184 -5.4767 
pose_0 12.4806 -41.8157 -2.86437 
pose_0 29.9797 -21.9217 -0.0161682 
pose_0 16.1003 -10.7602 6.13505 
pose_0 -12.4772 -43.7088 -4.02865 
pose_0 -28.7489 -23.7876 3.01593 
pose_0 -13.2558 -10.1422 2.89776 
pose_0 11.8662 -0.702264 -0.270529 
pose_0 -2.18247 40.0001 20.5831 
pose_0 -2.78025 73.1731 41.5273 
pose_0 -11.5407 -0.590393 1.71747 
pose_0 8.06991 41.22 20.7914 
pose_0 2.4093 79.5692 35.4146 
pose_0 0 0 0 
pose_0 -0.0391023 -22.7693 -2.30341 
pose_0 0.544339 -54.214 -0.481507 
pose_0 6.95102 -12.6672 6.26937 
pose_0 -11.2845 -10.7677 8.03647 
pose_0 -3.56554 79.6122 39.0696 
pose_0 0.0822842 80.3562 43.4286 

pose_1 -4.05212 -64.7249 -12.7119 
pose_1 -7.2172 -42.9203 -12.6234 
pose_1 4.77415 -41.4968 -13.3073 
pose_1 26.0581 -25.1594 -7.23129 
pose_1 18.2538 -8.80336 -8.88591 
pose_1 -16.9977 -39.3179 -12.3666 
pose_1 -25.6327 -16.4676 -9.0681 
pose_1 -18.3189 -8.23343 0.0387498 
pose_1 7.99084 -0.44469 -0.78426 
pose_1 4.35344 46.0494 9.47629 
pose_1 3.1934 81.8566 24.1474 
pose_1 -8.3918 0.376774 1.57497 
pose_1 -6.78058 45.0544 17.576 
pose_1 -3.62521 82.6702 27.5253 
pose_1 0 0 0 
pose_1 -0.777084 -19.5326 -7.19367 
pose_1 -6.12526 -51.1384 -13.4784 
pose_1 10.3368 -13.943 -5.393 
pose_1 -17.9908 -8.72513 5.17726 
pose_1 5.92368 82.2799 38.9778 
pose_1 1.13455 82.1482 40.5764 

POSE_END

avgDiffs -73.821
AVGDIFFS_END

floorLevels 2
FLOORLEVELS_END

