pose_0 2.64079 -61.8095 0.664185 
pose_0 -0.262249 -46.1464 -3.62014 
pose_0 11.6237 -41.5859 0.59199 
pose_0 27.7505 -23.6767 8.04486 
pose_0 9.37423 -15.1769 19.1466 
pose_0 -11.4482 -42.8234 -10.3869 
pose_0 -29.0747 -18.7074 -9.81851 
pose_0 -15.5421 -6.41632 -8.31688 
pose_0 8.31125 -2.5836 8.41878 
pose_0 6.35489 37.2187 32.0044 
pose_0 -24.5085 60.8416 23.2869 
pose_0 -8.70102 1.36778 -7.0215 
pose_0 -34.2209 28.9411 15.3307 
pose_0 -26.9371 58.873 22.1899 
pose_0 0 0 0 
pose_0 -0.896549 -22.0331 -4.15076 
pose_0 0.606857 -52.3 1.7251 
pose_0 4.6291 -21.2372 24.8598 
pose_0 -15.7479 -0.276107 -8.76648 
pose_0 -35.5161 63.515 28.9284 
pose_0 12.8009 79.7444 27.1128 

pose_1 2.02596 -57.0575 -24.3078 
pose_1 -3.46821 -41.5298 -17.8072 
pose_1 -10.4229 -38.3659 -19.9232 
pose_1 24.5063 -22.9078 1.7966 
pose_1 -17.9775 -2.0674 -11.8642 
pose_1 0.599696 -37.6636 -11.0363 
pose_1 -28.3462 -13.7616 -8.10508 
pose_1 -16.0705 -2.373 -14.805 
pose_1 7.45736 -2.65277 7.13092 
pose_1 0.441501 40.0241 24.4196 
pose_1 10.2833 73.1251 28.7935 
pose_1 -8.04188 0.943032 -4.41004 
pose_1 -32.7569 29.8692 1.89868 
pose_1 -32.8709 58.4561 20.2016 
pose_1 0 0 0 
pose_1 -2.71778 -20.7162 -7.9459 
pose_1 0.22162 -47.1905 -18.6697 
pose_1 -19.0418 2.25869 -12.0678 
pose_1 -16.87 0.789433 -12.2185 
pose_1 4.95521 73.6776 40.009 
pose_1 -44.1618 60.9047 27.9163 

POSE_END

avgDiffs -72.8871
AVGDIFFS_END

floorLevels 1
FLOORLEVELS_END

