pose_0 58.6422 -0.996756 11.569 
pose_0 1.84597 -29.3217 -19.5833 
pose_0 8.14029 -29.325 -16.4957 
pose_0 6.13075 -7.72259 -2.72049 
pose_0 -7.21319 8.04821 14.3762 
pose_0 3.61006 -28.0003 -18.9763 
pose_0 6.01271 9.88549 -32.2631 
pose_0 -11.696 9.44036 -9.17424 
pose_0 4.91389 -2.11024 5.78378 
pose_0 4.0905 36.5569 18.4838 
pose_0 -11.9857 68.2639 22.4684 
pose_0 -6.16687 3.63606 -4.32347 
pose_0 1.16937 33.6461 7.89915 
pose_0 58.5671 16.7857 -19.2622 
pose_0 0 0 0 
pose_0 2.7217 -13.3634 -13.3498 
pose_0 47.7693 6.36804 6.52086 
pose_0 61.4995 -10.8216 -13.6064 
pose_0 58.5503 -12.6637 -7.72796 
pose_0 59.9677 -7.34448 -18.1472 
pose_0 -6.98701 71.2181 31.3618 

pose_1 50.6642 -10.6715 11.5707 
pose_1 22.6643 7.43745 3.61025 
pose_1 24.6982 8.20247 4.33359 
pose_1 8.89508 -6.90562 -9.45706 
pose_1 45.3509 -7.02582 -13.2432 
pose_1 2.88137 -30.776 -16.1732 
pose_1 9.91182 1.22808 -33.7878 
pose_1 -8.39188 9.90387 -7.33467 
pose_1 1.48447 -1.6478 5.0965 
pose_1 8.51198 32.5735 21.0343 
pose_1 35.2623 35.924 29.5042 
pose_1 -4.74155 3.72823 -4.56162 
pose_1 -8.3314 33.6344 10.318 
pose_1 25.8233 65.8603 14.3667 
pose_1 0 0 0 
pose_1 0.218907 -17.05 -12.781 
pose_1 30.1342 13.1246 2.73027 
pose_1 52.1414 -19.4417 -21.6433 
pose_1 53.8757 -20.8371 -2.49512 
pose_1 48.6606 -8.90366 39.471 
pose_1 27.4798 68.3948 15.8829 

POSE_END

avgDiffs 57.7137
AVGDIFFS_END

floorLevels 0
FLOORLEVELS_END

