pose_0 4.55567 -66.313 -4.85156 
pose_0 0.599511 -46.572 -7.17338 
pose_0 12.3142 -42.2404 -4.66442 
pose_0 29.8972 -22.1926 -0.61768 
pose_0 14.9443 -11.9827 5.93677 
pose_0 -12.0336 -43.9546 -4.72989 
pose_0 -28.2457 -24.6591 1.27141 
pose_0 -15.6083 -12.1126 4.03037 
pose_0 11.4124 -0.519155 0.664435 
pose_0 -2.28622 40.1662 21.8641 
pose_0 -2.00913 74.5862 41.2824 
pose_0 -11.2912 -0.65063 2.33588 
pose_0 9.32978 41.5526 18.9723 
pose_0 6.76425 73.8449 39.8192 
pose_0 0 0 0 
pose_0 -0.111526 -22.962 -3.05778 
pose_0 1.6631 -54.7776 -3.79023 
pose_0 6.37562 -13.1894 3.90921 
pose_0 -11.1759 -11.9614 5.48969 
pose_0 -2.1009 81.3589 37.4263 
pose_0 2.99065 82.7092 38.0222 

pose_1 -4.87868 -64.2674 -13.8406 
pose_1 -7.78394 -42.7106 -14.2783 
pose_1 4.10914 -40.88 -14.5605 
pose_1 25.5248 -25.0949 -8.05137 
pose_1 17.5179 -8.36792 -8.72605 
pose_1 -16.9775 -38.9616 -12.8259 
pose_1 -24.6209 -15.9556 -9.14476 
pose_1 -17.4306 -8.31848 -0.96036 
pose_1 7.17415 0.105882 -1.17926 
pose_1 4.54104 45.3751 10.4005 
pose_1 3.34203 80.8439 27.5634 
pose_1 -8.38829 0.35811 1.58825 
pose_1 -6.23301 44.3938 17.6791 
pose_1 -3.82238 80.9028 31.0111 
pose_1 0 0 0 
pose_1 -1.25062 -19.217 -7.31241 
pose_1 -6.08228 -51.0601 -14.7805 
pose_1 9.62689 -13.8762 -6.39762 
pose_1 -17.0386 -8.8808 4.17965 
pose_1 6.02694 80.6835 41.4898 
pose_1 0.37278 80.1066 43.34 

POSE_END

avgDiffs -72.3721
AVGDIFFS_END

floorLevels 0
FLOORLEVELS_END

