pose_0 -3.36344 -66.6921 6.03821 
pose_0 -1.64531 -45.471 1.46612 
pose_0 -8.45822 -40.4732 -7.97561 
pose_0 -15.6121 -11.7667 -15.1922 
pose_0 -15.0202 7.76204 -23.636 
pose_0 5.37498 -41.585 8.55815 
pose_0 10.0327 -16.786 16.4459 
pose_0 17.899 4.84326 16.3247 
pose_0 -5.97183 0.301429 -5.48282 
pose_0 -6.31787 45.8087 5.20601 
pose_0 -12.1442 76.636 23.2368 
pose_0 6.30739 -0.546391 4.35019 
pose_0 4.142 45.0723 18.8055 
pose_0 -7.32515 74.8226 36.7381 
pose_0 0 0 0 
pose_0 -0.45617 -20.6867 1.5955 
pose_0 -1.09309 -52.0082 2.06274 
pose_0 -13.9871 16.7972 -26.4826 
pose_0 20.1277 12.6605 17.3429 
pose_0 -10.4348 82.3594 24.0565 
pose_0 1.99475 84.0367 27.3993 

pose_1 56.5922 -11.6089 8.81135 
pose_1 -3.95484 -28.5932 -21.1599 
pose_1 9.38657 -28.0951 -18.3317 
pose_1 12.9908 -3.07942 -1.40016 
pose_1 -6.7226 9.75042 14.7072 
pose_1 1.70235 -29.3665 -19.0805 
pose_1 6.02089 9.35532 -30.8332 
pose_1 57.571 -24.6927 -5.98026 
pose_1 2.99309 -2.43528 6.17291 
pose_1 7.95599 35.5427 19.6004 
pose_1 -11.5033 68.0296 23.57 
pose_1 -3.50627 4.37191 -4.80745 
pose_1 1.0519 31.8791 9.53833 
pose_1 55.0281 36.0474 -20.0105 
pose_1 0 0 0 
pose_1 2.95896 -13.1504 -14.116 
pose_1 50.1672 -10.8427 4.97366 
pose_1 61.3756 -24.0921 -20.2397 
pose_1 60.1072 -26.5739 -6.95587 
pose_1 65.2379 -31.0824 3.14216 
pose_1 51.0565 62.0949 -5.48243 

POSE_END

avgDiffs -58.7143
AVGDIFFS_END

floorLevels 366
FLOORLEVELS_END

