pose_0 13.4141 -25.2487 32.4108 
pose_0 8.3236 -19.3054 20.1289 
pose_0 10.7501 -2.01077 13.9986 
pose_0 -4.67891 -11.2367 4.32317 
pose_0 7.89048 -30.1985 -12.6909 
pose_0 18.7526 -13.1241 12.534 
pose_0 -9.03335 5.22123 -26.6418 
pose_0 -8.73276 12.6228 -4.88994 
pose_0 4.91511 2.36348 -1.30504 
pose_0 -6.36492 38.7472 11.4097 
pose_0 12.7792 58.0793 13.1633 
pose_0 6.12693 1.07104 -1.56022 
pose_0 -10.2643 33.1952 2.85931 
pose_0 6.33662 -20.1921 -37.3327 
pose_0 0 0 0 
pose_0 1.04703 -13.272 -11.7257 
pose_0 9.87566 -22.2978 23.138 
pose_0 8.86688 -31.4701 -13.9427 
pose_0 -39.9436 9.15818 8.97186 
pose_0 -0.658442 70.3481 20.5682 
pose_0 -4.86587 72.628 4.30062 

pose_1 -2.23752 -62.9102 -17.9629 
pose_1 -7.13097 -42.5245 -12.6577 
pose_1 8.14009 -39.932 -13.2166 
pose_1 29.0645 -23.896 -1.99458 
pose_1 21.4521 -11.7043 3.7737 
pose_1 -17.0001 -37.0762 -12.1599 
pose_1 -25.6982 -17.3891 -7.14794 
pose_1 -18.0786 -5.64347 -1.06777 
pose_1 9.55924 0.243171 -2.92378 
pose_1 2.67889 46.003 7.53319 
pose_1 -17.0676 67.912 14.1304 
pose_1 -9.05441 -0.257158 4.01896 
pose_1 -0.709959 41.9088 24.4927 
pose_1 -6.04542 73.6437 40.2872 
pose_1 0 0 0 
pose_1 -0.710763 -18.5893 -8.18015 
pose_1 -6.07896 -51.0948 -10.4548 
pose_1 17.3807 -6.66143 3.52058 
pose_1 -13.428 -3.49933 1.91787 
pose_1 -11.4403 78.6888 22.89 
pose_1 4.94147 77.7825 44.5108 

POSE_END

avgDiffs -72.3896
AVGDIFFS_END

floorLevels 402
FLOORLEVELS_END

