pose_0 0.252593 -66.9035 -3.96544 
pose_0 0.157762 -46.4043 -5.17538 
pose_0 12.4468 -41.9131 -2.12027 
pose_0 29.9938 -22.317 1.86145 
pose_0 16.4573 -11.3191 8.6697 
pose_0 -12.3375 -43.8492 -3.59873 
pose_0 -28.8985 -23.7331 2.38705 
pose_0 -15.5871 -11.0819 5.05141 
pose_0 12.093 -0.912267 0.642918 
pose_0 -1.72426 41.0093 19.1198 
pose_0 7.28687 77.6901 31.3748 
pose_0 -11.6247 -0.600845 1.20297 
pose_0 7.45555 42.32 19.6588 
pose_0 1.3298 78.9661 36.7403 
pose_0 0 0 0 
pose_0 -0.000726595 -22.9551 -2.27263 
pose_0 -0.634737 -54.8554 -0.895443 
pose_0 3.91955 -13.1207 8.73395 
pose_0 -11.0973 -10.9355 6.93041 
pose_0 -0.0787489 78.4984 43.0362 
pose_0 -1.367 78.8701 45.6229 

pose_1 -4.22249 -64.5232 -14.0914 
pose_1 -6.88159 -42.6541 -14.6341 
pose_1 5.4414 -40.9181 -14.0285 
pose_1 25.7497 -24.5764 -6.79269 
pose_1 18.126 -7.48487 -8.89926 
pose_1 -16.8532 -38.7326 -14.204 
pose_1 -27.1013 -20.0271 -6.79216 
pose_1 -17.8501 -7.74932 -2.2003 
pose_1 7.78914 -0.116849 -0.348946 
pose_1 4.68425 46.2568 10.6075 
pose_1 2.18462 81.4003 24.243 
pose_1 -8.39807 0.732256 0.613428 
pose_1 -6.47878 45.0579 18.0098 
pose_1 -3.27473 83.3444 25.1986 
pose_1 0 0 0 
pose_1 -1.06471 -19.0811 -7.81922 
pose_1 -5.29452 -51.3042 -15.2018 
pose_1 10.4183 -13.2821 -7.22824 
pose_1 -17.4237 -8.33357 2.72098 
pose_1 5.95723 83.3733 36.7543 
pose_1 1.46662 83.4144 36.9984 

POSE_END

avgDiffs -72.8837
AVGDIFFS_END

floorLevels 2
FLOORLEVELS_END

