pose_0 0.933462 -67.0656 -4.4399 
pose_0 0.0460002 -46.5806 -5.17598 
pose_0 12.391 -42.0504 -2.36072 
pose_0 29.8455 -22.2802 0.871432 
pose_0 16.3631 -11.3893 7.79631 
pose_0 -12.5317 -43.8747 -3.63806 
pose_0 -28.556 -23.5749 2.309 
pose_0 -13.4478 -10.7576 2.77424 
pose_0 11.9485 -0.661497 -0.114287 
pose_0 -2.31683 40.4183 19.5564 
pose_0 -2.69327 73.7879 39.773 
pose_0 -11.4733 -0.605477 1.81362 
pose_0 8.09005 41.6485 19.8323 
pose_0 2.34658 79.7007 34.5535 
pose_0 0 0 0 
pose_0 0.0233889 -22.858 -2.03933 
pose_0 0.600411 -54.5012 -0.302633 
pose_0 7.01415 -12.5425 7.37551 
pose_0 -11.551 -11.1507 7.50201 
pose_0 -3.46692 79.6965 38.6752 
pose_0 -0.263519 80.4614 42.7844 

pose_1 -3.6896 -64.5408 -11.6386 
pose_1 -7.07359 -42.7858 -12.5206 
pose_1 6.6706 -40.9305 -13.3939 
pose_1 25.8865 -25.1652 -5.32658 
pose_1 18.0025 -8.70403 -7.61273 
pose_1 -17.0304 -39.3372 -12.0621 
pose_1 -25.6753 -16.6785 -6.9386 
pose_1 -18.3436 -8.17953 1.05582 
pose_1 7.95594 -0.396427 -0.700563 
pose_1 4.01256 46.0708 9.07236 
pose_1 1.69034 81.5242 25.3995 
pose_1 -8.61517 0.280485 1.86315 
pose_1 -6.44037 44.8832 17.8163 
pose_1 -3.60537 82.4385 27.9466 
pose_1 0 0 0 
pose_1 -0.720216 -19.6944 -7.12599 
pose_1 -5.65798 -51.1081 -13.1394 
pose_1 10.1249 -14.0548 -5.51514 
pose_1 -17.9479 -8.563 6.01496 
pose_1 5.82994 82.2382 39.0384 
pose_1 1.17153 82.0357 40.5919 

POSE_END

avgDiffs -73.8316
AVGDIFFS_END

floorLevels 3
FLOORLEVELS_END

