pose_0 0.173304 -66.3745 -5.00115 
pose_0 0.438122 -46.0438 -5.35271 
pose_0 12.5752 -41.2866 -2.62811 
pose_0 30.2338 -21.8405 1.37829 
pose_0 17.205 -10.1795 9.15908 
pose_0 -12.4081 -43.5648 -3.00238 
pose_0 -29.2447 -22.4216 2.74282 
pose_0 -16.1902 -9.58854 5.18307 
pose_0 12.2559 -0.785586 0.851373 
pose_0 -4.23178 40.4465 19.0573 
pose_0 -2.61355 74.0648 38.706 
pose_0 -11.9196 -0.409207 0.734612 
pose_0 9.11919 41.1084 20.8172 
pose_0 2.25431 80.3323 31.6294 
pose_0 0 0 0 
pose_0 0.0354552 -22.7972 -2.21891 
pose_0 0.141226 -54.7186 -1.36119 
pose_0 5.0883 -12.7505 11.2522 
pose_0 -11.341 -9.77899 7.12504 
pose_0 -3.37681 80.2593 35.8891 
pose_0 0.722697 81.0962 37.954 

pose_1 40.2233 -19.8879 6.43528 
pose_1 30.9726 -19.1207 5.50502 
pose_1 8.74646 -30.6241 -13.4456 
pose_1 9.88271 -7.30428 -3.20354 
pose_1 -7.57747 8.90675 15.5524 
pose_1 28.7245 -16.9551 -0.0443146 
pose_1 6.6696 10.0205 -31.1885 
pose_1 -12.8344 11.3632 -7.52446 
pose_1 -0.746206 -1.75953 6.78545 
pose_1 8.43405 36.7315 19.2336 
pose_1 33.0173 62.9828 19.9508 
pose_1 -5.06177 3.04555 -4.45251 
pose_1 -1.43901 36.2188 5.28295 
pose_1 35.8549 -30.6202 -48.7049 
pose_1 0 0 0 
pose_1 2.99186 -13.2391 -11.7706 
pose_1 33.9698 -23.3167 9.99352 
pose_1 42.9495 -28.8394 -36.6981 
pose_1 37.3349 -38.0156 -16.352 
pose_1 37.0569 -39.8234 -56.7454 
pose_1 38.7281 -37.5388 -60.664 

POSE_END

avgDiffs -73.3389
AVGDIFFS_END

floorLevels 0
FLOORLEVELS_END

