pose_0 0.955674 -66.932 -4.91393 
pose_0 0.0288122 -46.3935 -5.80565 
pose_0 12.3719 -41.8777 -3.19137 
pose_0 29.9224 -22.1297 -0.320006 
pose_0 16.2691 -11.2567 6.88321 
pose_0 -12.5011 -43.7505 -4.0657 
pose_0 -27.594 -24.0075 2.69281 
pose_0 -13.4366 -10.7172 2.94225 
pose_0 11.9437 -0.644002 -0.186334 
pose_0 -2.26679 40.4189 19.7151 
pose_0 -2.73312 73.6889 40.2354 
pose_0 -11.452 -0.58748 1.86079 
pose_0 8.07082 41.5597 20.0548 
pose_0 2.33905 79.6581 34.6567 
pose_0 0 0 0 
pose_0 -0.0379624 -22.7779 -2.36208 
pose_0 0.683679 -54.2964 -0.904326 
pose_0 7.04924 -12.646 6.61388 
pose_0 -11.5145 -11.1755 7.85218 
pose_0 -3.53305 79.6946 38.5766 
pose_0 -0.206064 80.454 42.8046 

pose_1 -3.69454 -64.4203 -11.8061 
pose_1 -7.02979 -42.7309 -13.1002 
pose_1 6.66772 -41.0409 -13.7463 
pose_1 25.7702 -25.1982 -5.70025 
pose_1 17.9257 -8.72481 -7.81171 
pose_1 -17.0003 -39.2437 -12.4312 
pose_1 -25.608 -16.7137 -7.75576 
pose_1 -18.207 -8.28797 0.308703 
pose_1 7.86673 -0.393845 -0.561192 
pose_1 4.08988 46.0607 8.9617 
pose_1 1.68742 81.5212 25.3596 
pose_1 -8.43634 0.277407 1.86766 
pose_1 -6.593 44.9489 17.5949 
pose_1 -3.6328 82.4343 27.9542 
pose_1 0 0 0 
pose_1 -0.726683 -19.7932 -7.17371 
pose_1 -5.77788 -50.8555 -13.8681 
pose_1 9.91899 -14.1762 -6.06819 
pose_1 -17.7936 -8.6475 5.28506 
pose_1 5.87595 82.1959 39.0467 
pose_1 1.15325 81.9917 40.6964 

POSE_END

avgDiffs -73.8284
AVGDIFFS_END

floorLevels 2
FLOORLEVELS_END

