pose_0 0.127462 -66.2568 -5.60455 
pose_0 0.173388 -46.1871 -5.75082 
pose_0 12.4739 -41.5597 -2.89581 
pose_0 29.5505 -22.2499 2.48906 
pose_0 16.5022 -11.4251 10.2171 
pose_0 -12.3192 -43.7479 -3.95006 
pose_0 -29.0199 -23.3922 0.716743 
pose_0 -15.6813 -10.8154 3.58695 
pose_0 12.1851 -0.99183 0.808877 
pose_0 -1.33489 39.1481 21.9812 
pose_0 -2.21075 73.0187 40.6217 
pose_0 -11.7628 -0.548803 1.34263 
pose_0 8.90715 40.7629 22.2588 
pose_0 2.5559 79.7596 33.5841 
pose_0 0 0 0 
pose_0 -0.0590955 -22.9173 -2.57227 
pose_0 -0.469504 -54.7421 -1.87236 
pose_0 4.04824 -13.2143 10.1296 
pose_0 -11.19 -10.6981 5.53761 
pose_0 -3.10284 79.6247 37.064 
pose_0 1.31275 80.5836 39.8537 

pose_1 40.1071 -19.8863 5.3923 
pose_1 30.4676 -19.0077 5.88249 
pose_1 8.86952 -28.3792 -14.8969 
pose_1 9.97641 -7.07964 -3.23668 
pose_1 -7.67251 9.19699 15.4323 
pose_1 28.4964 -16.7131 0.392203 
pose_1 6.57228 10.0902 -31.3206 
pose_1 -9.43066 10.3151 -6.13164 
pose_1 -0.759896 -1.70049 6.72805 
pose_1 8.37493 36.9822 18.9752 
pose_1 32.8274 63.0691 19.7026 
pose_1 -5.04058 3.03004 -4.47323 
pose_1 -1.4956 36.4797 5.03292 
pose_1 35.3549 -30.1048 -49.5585 
pose_1 0 0 0 
pose_1 2.96661 -13.2282 -11.7039 
pose_1 33.5988 -23.1621 10.4634 
pose_1 42.9447 -28.8284 -37.8193 
pose_1 37.0792 -37.742 -16.2817 
pose_1 36.6531 -39.3999 -57.1555 
pose_1 38.3778 -37.1144 -61.5463 

POSE_END

avgDiffs -73.329
AVGDIFFS_END

floorLevels 1
FLOORLEVELS_END

