pose_0 2.56204 -66.5626 -4.84623 
pose_0 -0.139663 -46.3962 -5.50915 
pose_0 12.3715 -41.7609 -3.37131 
pose_0 30.0846 -21.841 -0.35589 
pose_0 16.0532 -10.7753 6.0483 
pose_0 -12.4952 -43.6964 -3.92189 
pose_0 -28.706 -23.7628 3.17301 
pose_0 -13.1868 -10.2842 3.12439 
pose_0 11.8599 -0.731243 -0.154492 
pose_0 -2.18071 40.1097 20.3111 
pose_0 -2.77171 73.2141 41.428 
pose_0 -11.5836 -0.58665 1.59077 
pose_0 8.21086 41.2359 20.675 
pose_0 2.51457 79.6465 35.2647 
pose_0 0 0 0 
pose_0 -0.0675916 -22.7591 -2.40626 
pose_0 0.494236 -54.1181 -0.510211 
pose_0 6.91446 -12.7403 6.18938 
pose_0 -11.2217 -10.9095 8.20189 
pose_0 -3.52906 79.767 38.7093 
pose_0 0.255449 80.4692 43.1442 

pose_1 -3.98624 -64.6027 -13.2792 
pose_1 -7.22086 -42.8488 -12.8434 
pose_1 4.81028 -41.3394 -13.5408 
pose_1 26.0239 -25.0061 -7.82162 
pose_1 18.4748 -8.76858 -9.4173 
pose_1 -17.035 -39.1557 -12.4762 
pose_1 -25.4526 -16.3896 -9.54139 
pose_1 -18.3145 -8.0876 0.00468066 
pose_1 7.83663 -0.345776 -1.14622 
pose_1 4.17038 46.1438 9.38467 
pose_1 3.15655 81.9721 24.1223 
pose_1 -8.36068 0.426041 1.65885 
pose_1 -6.73835 45.0256 17.7448 
pose_1 -3.64417 82.8114 27.4738 
pose_1 0 0 0 
pose_1 -0.924698 -19.4449 -7.16838 
pose_1 -6.05884 -51.0596 -13.8638 
pose_1 10.6731 -13.7444 -6.22071 
pose_1 -17.9988 -8.60251 5.30345 
pose_1 5.86083 82.3925 38.9409 
pose_1 1.11844 82.2668 40.5833 

POSE_END

avgDiffs -72.8766
AVGDIFFS_END

floorLevels 3
FLOORLEVELS_END

