pose_0 1.14103 -66.6673 -5.29166 
pose_0 0.132358 -46.3734 -5.8921 
pose_0 12.5244 -41.8293 -3.28476 
pose_0 29.9387 -22.182 0.00401161 
pose_0 16.2126 -11.0295 6.42847 
pose_0 -12.3458 -43.6893 -4.19358 
pose_0 -28.5105 -23.4485 2.23645 
pose_0 -13.2201 -10.5652 2.35928 
pose_0 11.9651 -0.67524 -0.168578 
pose_0 -2.17766 40.1792 20.0374 
pose_0 -2.09179 76.9745 36.0738 
pose_0 -11.4823 -0.602914 1.86101 
pose_0 8.06452 41.3609 20.4147 
pose_0 2.35303 79.5676 34.9346 
pose_0 0 0 0 
pose_0 0.0419419 -22.8261 -2.38622 
pose_0 0.719644 -54.253 -0.956068 
pose_0 7.06303 -12.6845 6.10001 
pose_0 -11.2955 -11.1202 7.34072 
pose_0 -3.57875 79.6346 38.5578 
pose_0 -0.131195 80.3633 42.9513 

pose_1 -3.81855 -64.8189 -12.2821 
pose_1 -7.19719 -42.9591 -12.8163 
pose_1 6.73249 -41.1505 -13.9475 
pose_1 26.0505 -25.1263 -7.1148 
pose_1 18.1118 -8.89791 -9.0276 
pose_1 -17.159 -39.2618 -12.057 
pose_1 -25.5475 -16.8135 -7.80078 
pose_1 -18.1985 -8.4883 0.628522 
pose_1 7.90584 -0.371117 -1.00016 
pose_1 4.3563 46.0041 9.53626 
pose_1 3.25336 81.7801 24.506 
pose_1 -8.42321 0.226757 1.91957 
pose_1 -6.69323 44.9812 17.6961 
pose_1 -3.56075 82.5732 27.7028 
pose_1 0 0 0 
pose_1 -0.874179 -19.6654 -7.23353 
pose_1 -5.75546 -51.0894 -13.6934 
pose_1 9.98359 -14.1087 -6.67885 
pose_1 -17.8531 -8.87384 5.71834 
pose_1 5.98837 82.2301 39.2319 
pose_1 1.2467 82.0675 40.6906 

POSE_END

avgDiffs -73.8275
AVGDIFFS_END

floorLevels 3
FLOORLEVELS_END

