pose_0 -1.94007 -67.1375 5.16802 
pose_0 -1.62644 -45.4517 2.52739 
pose_0 -10.04 -39.9501 -4.24337 
pose_0 -17.3132 -11.2611 -9.26481 
pose_0 -15.9949 7.63671 -17.6349 
pose_0 5.2189 -42.2509 8.407 
pose_0 12.198 -17.4902 14.0371 
pose_0 19.1818 2.75849 16.9825 
pose_0 -7.53649 -0.0879623 -2.24233 
pose_0 -11.2488 44.5605 9.71512 
pose_0 -10.9626 77.8664 25.4037 
pose_0 5.83621 -0.493784 1.81625 
pose_0 -0.766835 44.3191 15.3771 
pose_0 -5.93635 74.4158 38.3652 
pose_0 0 0 0 
pose_0 -0.443215 -20.9256 2.61801 
pose_0 -0.830121 -51.9307 2.71616 
pose_0 -15.4891 15.7377 -20.5506 
pose_0 22.155 7.44628 20.7719 
pose_0 -9.28702 82.9924 26.0785 
pose_0 2.08731 84.3077 29.5778 

pose_1 3.73714 -59.984 -13.9938 
pose_1 4.26395 -45.4945 -8.50847 
pose_1 -7.52956 -41.5667 -8.30695 
pose_1 -17.4788 -18.4527 -12.6734 
pose_1 -15.8027 -1.17591 -16.7167 
pose_1 15.9804 -38.5298 -5.98463 
pose_1 22.8501 -11.0394 -3.6043 
pose_1 17.8499 10.6804 2.83678 
pose_1 -8.98022 -1.59089 2.34758 
pose_1 -6.53962 40.1361 24.1463 
pose_1 1.47779 68.3626 52.6385 
pose_1 8.03796 1.56126 -4.37163 
pose_1 -2.12901 46.3478 9.07466 
pose_1 17.8457 60.6732 44.5331 
pose_1 0 0 0 
pose_1 3.24848 -22.5885 -0.621468 
pose_1 2.75676 -49.6681 -14.6583 
pose_1 -16.8663 6.99003 -23.0929 
pose_1 17.1208 18.1496 5.74772 
pose_1 -3.12095 74.7365 50.3559 
pose_1 14.5745 73.5899 45.284 

POSE_END

avgDiffs -59.2116
AVGDIFFS_END

floorLevels 1
FLOORLEVELS_END

