pose_0 2.31038 -65.8032 -5.70808 
pose_0 -1.60499 -46.7309 -7.98641 
pose_0 11.4676 -42.8528 -7.81715 
pose_0 27.4232 -23.5233 -4.94823 
pose_0 16.8292 -9.18849 6.87834 
pose_0 -13.7383 -43.0764 -6.30705 
pose_0 -31.7827 -24.4848 1.43827 
pose_0 -14.7809 -9.17727 0.827617 
pose_0 11.1111 -0.858121 0.771652 
pose_0 7.35911 31.895 36.1748 
pose_0 10.8361 67.8513 45.102 
pose_0 -10.6305 -0.177597 0.447971 
pose_0 -0.713599 36.2384 27.1312 
pose_0 3.71249 73.0123 38.8881 
pose_0 0 0 0 
pose_0 -0.488811 -21.565 -5.53501 
pose_0 0.714391 -53.7563 -3.16813 
pose_0 15.8913 -5.84983 13.9843 
pose_0 -9.37089 -9.97309 4.78819 
pose_0 8.07973 66.9196 58.6211 
pose_0 0.384165 72.2523 49.7399 

pose_1 -0.373236 -61.6315 -16.53 
pose_1 -6.7685 -41.6496 -17.0418 
pose_1 8.47517 -38.7655 -16.674 
pose_1 24.8184 -19.5535 -4.42816 
pose_1 14.8399 -10.7228 9.10516 
pose_1 -16.9827 -36.508 -11.7984 
pose_1 -29.9814 -16.6651 -6.30907 
pose_1 -21.9644 -6.70905 9.74857 
pose_1 11.1154 -0.772459 0.97591 
pose_1 8.62779 40.0639 25.2364 
pose_1 12.7291 76.0536 33.8667 
pose_1 -11.7731 -0.00438704 0.180036 
pose_1 -5.26366 42.4723 22.2931 
pose_1 -3.12867 78.5798 29.8313 
pose_1 0 0 0 
pose_1 -0.943474 -19.5482 -10.1223 
pose_1 -3.75418 -49.0777 -13.7998 
pose_1 9.88186 -16.6555 12.8051 
pose_1 -21.5605 -7.2728 17.6516 
pose_1 11.7316 72.3637 52.0568 
pose_1 -3.01198 79.1684 42.9387 

POSE_END

avgDiffs -72.3663
AVGDIFFS_END

floorLevels 5
FLOORLEVELS_END

