pose_0 0.530924 -66.7507 -4.8367 
pose_0 0.213236 -46.4496 -5.44715 
pose_0 12.6027 -41.9906 -2.61525 
pose_0 29.994 -22.3178 1.62218 
pose_0 16.553 -11.3271 8.34919 
pose_0 -12.4555 -44.0057 -3.51442 
pose_0 -28.8786 -23.6967 2.83644 
pose_0 -12.9088 -10.2935 2.36078 
pose_0 12.0981 -0.893347 0.397461 
pose_0 -1.80161 39.5745 20.7804 
pose_0 6.71 80.2856 26.1751 
pose_0 -11.6746 -0.620382 1.32663 
pose_0 7.68624 42.3345 20.0665 
pose_0 1.04373 78.969 36.0809 
pose_0 0 0 0 
pose_0 0.0245197 -22.9578 -2.36018 
pose_0 0.745788 -54.1613 -0.451059 
pose_0 7.10277 -13.3017 8.80042 
pose_0 -10.9808 -10.9852 7.2925 
pose_0 -0.625666 78.6701 41.6937 
pose_0 -1.46461 79.0001 45.1315 

pose_1 -4.14283 -64.2943 -15.1983 
pose_1 -6.80651 -42.8256 -15.75 
pose_1 5.56227 -41.1114 -14.9674 
pose_1 25.7624 -24.8822 -6.97871 
pose_1 18.2805 -7.61896 -9.24461 
pose_1 -16.8612 -38.451 -14.9535 
pose_1 -27.1419 -19.8726 -8.53586 
pose_1 -17.6232 -7.81356 -3.31386 
pose_1 7.77588 -0.168732 -0.183105 
pose_1 4.41059 46.2688 10.3126 
pose_1 2.14002 81.3777 24.6019 
pose_1 -8.33632 0.629109 0.725992 
pose_1 -6.52802 45.0302 17.9976 
pose_1 -3.18045 83.3232 25.3882 
pose_1 0 0 0 
pose_1 -1.1103 -19.1932 -8.27224 
pose_1 -5.21999 -51.2597 -16.2607 
pose_1 10.4567 -13.3302 -8.06676 
pose_1 -17.2057 -8.32359 1.57195 
pose_1 6.03078 83.3569 37.0387 
pose_1 1.556 83.3986 37.2439 

POSE_END

avgDiffs -72.885
AVGDIFFS_END

floorLevels 2
FLOORLEVELS_END

