pose_0 -2.50162 -65.5817 -11.8306 
pose_0 -3.03079 -45.6636 -11.5103 
pose_0 10.3335 -41.3767 -12.269 
pose_0 28.5688 -26.7533 -7.32112 
pose_0 13.8479 -12.9915 -3.61747 
pose_0 -14.6839 -41.9398 -6.51333 
pose_0 -29.9585 -24.6086 5.67642 
pose_0 -12.8246 -11.3352 4.42548 
pose_0 10.3549 -0.208372 -1.43379 
pose_0 -11.0604 41.7042 14.0607 
pose_0 -15.8983 74.6688 33.6059 
pose_0 -11.2037 -0.94903 3.22986 
pose_0 26.6898 34.6317 13.1075 
pose_0 31.1432 69.2582 25.1054 
pose_0 0 0 0 
pose_0 -1.32507 -22.5187 -5.31054 
pose_0 -2.87002 -54.7847 -8.06792 
pose_0 6.93445 -11.469 -4.6265 
pose_0 -10.8845 -12.1308 9.51713 
pose_0 -14.8099 82.5438 24.9997 
pose_0 32.8863 81.7542 16.7696 

pose_1 43.9005 -17.1179 1.66202 
pose_1 2.59141 -28.7384 -20.0967 
pose_1 9.15921 -29.3941 -16.4444 
pose_1 6.7959 -6.60239 -3.05111 
pose_1 45.6511 -23.1555 -38.9891 
pose_1 2.39498 -28.6152 -20.1367 
pose_1 8.20786 10.9032 -31.7371 
pose_1 42.319 -27.8054 -20.545 
pose_1 5.09357 -1.48253 5.7133 
pose_1 7.02487 34.8277 20.6657 
pose_1 41.3562 -2.11391 -42.3111 
pose_1 -5.76649 4.11817 -5.02134 
pose_1 0.520239 34.9045 5.17632 
pose_1 45.7954 -11.3083 -41.3588 
pose_1 0 0 0 
pose_1 3.77185 -12.1474 -12.5914 
pose_1 40.331 -12.0246 -1.82113 
pose_1 40.2926 25.7887 -12.2786 
pose_1 46.0978 -36.2691 -12.7762 
pose_1 47.2688 -27.291 -55.2846 
pose_1 47.0831 -24.7645 -51.3715 

POSE_END

avgDiffs -71.4046
AVGDIFFS_END

floorLevels 6
FLOORLEVELS_END

