pose_0 1.39416 -66.3437 -6.05659 
pose_0 0.591661 -46.3895 -6.16361 
pose_0 12.7063 -41.729 -2.93324 
pose_0 30.2726 -22.2665 2.02172 
pose_0 16.6491 -11.2826 8.86191 
pose_0 -12.0416 -43.6916 -4.63774 
pose_0 -28.3918 -23.487 1.53284 
pose_0 -15.166 -11.2164 6.0719 
pose_0 12.0954 -0.772925 0.180935 
pose_0 -1.49393 39.5722 21.3022 
pose_0 -2.3881 72.7523 42.3499 
pose_0 -11.4255 -0.720253 2.15907 
pose_0 9.12191 40.935 21.5301 
pose_0 6.86381 72.2432 43.5045 
pose_0 0 0 0 
pose_0 0.0471384 -22.9152 -2.69618 
pose_0 1.21725 -54.6435 -2.56084 
pose_0 4.14899 -13.0363 8.0494 
pose_0 -10.8643 -11.0404 8.23883 
pose_0 -2.89577 79.3475 38.2953 
pose_0 1.0006 79.9831 41.9699 

pose_1 -3.63256 -65.0256 -12.8613 
pose_1 -6.5086 -42.9478 -12.9866 
pose_1 4.94204 -41.1756 -12.9334 
pose_1 25.8182 -24.688 -8.24778 
pose_1 18.2509 -8.03754 -9.88962 
pose_1 -16.3456 -39.4085 -12.6819 
pose_1 -24.7779 -15.7793 -9.92156 
pose_1 -17.5238 -8.02334 -0.686103 
pose_1 7.58746 -0.35289 -0.400258 
pose_1 3.94279 46.528 8.27146 
pose_1 1.5581 82.3489 23.887 
pose_1 -8.31358 0.574133 1.0851 
pose_1 -6.33091 45.052 17.7112 
pose_1 -3.75292 83.3196 26.9327 
pose_1 0 0 0 
pose_1 -0.956202 -19.4373 -7.26317 
pose_1 -5.64989 -50.7556 -12.687 
pose_1 10.419 -13.6196 -6.9021 
pose_1 -17.292 -8.53619 4.6383 
pose_1 5.77664 82.931 38.0591 
pose_1 1.0171 82.7888 39.8614 

POSE_END

avgDiffs -73.816
AVGDIFFS_END

floorLevels 1
FLOORLEVELS_END

