pose_0 4.05666 -66.7645 -1.81778 
pose_0 1.8299 -47.4394 -2.35261 
pose_0 13.0952 -43.0782 -4.35303 
pose_0 28.6159 -23.9681 4.15045 
pose_0 12.051 -11.93 13.0479 
pose_0 -10.5155 -45.1982 0.290799 
pose_0 -29.3081 -29.1588 5.5079 
pose_0 -15.5665 -12.0937 -2.14954 
pose_0 9.53366 -1.42062 4.07961 
pose_0 15.5232 11.8941 37.6471 
pose_0 0.507579 74.2756 36.3894 
pose_0 -9.79985 0.194442 -3.38656 
pose_0 -4.56334 40.7715 20.3548 
pose_0 2.51547 79.3558 28.816 
pose_0 0 0 0 
pose_0 0.937285 -22.2467 -1.71196 
pose_0 2.85556 -54.6651 0.975307 
pose_0 7.07528 -9.36154 16.2403 
pose_0 -13.3849 -12.3223 -0.243528 
pose_0 2.40197 81.548 37.0441 
pose_0 4.1923 81.2545 40.0411 

pose_1 36.8053 -17.1956 8.56838 
pose_1 26.6139 -14.0674 10.4616 
pose_1 -4.87032 -32.2102 -10.7886 
pose_1 29.6116 -13.9845 -33.9247 
pose_1 -3.55797 10.3849 17.279 
pose_1 -4.9462 -32.0961 -9.71398 
pose_1 5.49244 9.38155 -33.8186 
pose_1 28.8499 -1.76202 -28.2945 
pose_1 4.28204 -1.50299 6.16083 
pose_1 7.48489 35.6907 20.4086 
pose_1 29.4578 -16.2044 -62.5373 
pose_1 -6.14341 3.52132 -4.33706 
pose_1 -10.3507 36.7073 8.53879 
pose_1 35.4079 -22.353 -56.989 
pose_1 0 0 0 
pose_1 2.97531 -13.3226 -12.2759 
pose_1 36.1027 -14.3856 -1.53015 
pose_1 38.907 -24.7425 -46.5766 
pose_1 40.8563 -37.0744 -15.5815 
pose_1 37.6012 -36.4231 -74.6742 
pose_1 35.9061 -32.8151 -68.0552 

POSE_END

avgDiffs -71.4058
AVGDIFFS_END

floorLevels 323
FLOORLEVELS_END

