pose_0 39.8077 -20.3541 14.6807 
pose_0 27.4878 -1.49103 9.10372 
pose_0 5.21037 -34.8254 -10.4846 
pose_0 9.02484 0.0542335 -7.00675 
pose_0 38.6197 -26.342 -33.668 
pose_0 25.1706 3.94508 -1.59195 
pose_0 5.0559 10.8792 -31.2736 
pose_0 -1.8713 6.77134 -4.21119 
pose_0 1.74425 -1.40684 4.66855 
pose_0 8.53019 34.8904 18.4443 
pose_0 40.4231 -5.7109 -23.6066 
pose_0 -4.27413 3.76759 -3.97051 
pose_0 -10.3524 34.5691 10.0885 
pose_0 20.2069 65.4531 2.50738 
pose_0 0 0 0 
pose_0 -0.529187 -6.94267 -0.46843 
pose_0 34.0476 -0.908247 10.0217 
pose_0 45.6002 -24.096 -37.4987 
pose_0 45.563 -25.3937 -9.9654 
pose_0 43.205 -33.8548 -41.1266 
pose_0 14.2532 71.6494 5.83749 

pose_1 64.2078 2.97827 2.75737 
pose_1 0.0992061 -28.9993 -20.2105 
pose_1 9.63589 -30.1125 -16.2144 
pose_1 10.7443 -8.64249 -3.09661 
pose_1 -5.98251 8.24116 16.4002 
pose_1 -5.10407 -32.6945 -13.3115 
pose_1 12.897 1.34158 -31.932 
pose_1 -10.4831 10.1574 -10.6252 
pose_1 3.57906 -2.12737 6.12111 
pose_1 5.81441 36.1675 19.699 
pose_1 -11.0092 68.8002 22.6658 
pose_1 -5.96206 4.00568 -4.90997 
pose_1 3.3471 33.1671 7.81118 
pose_1 36.1157 63.6813 -2.15198 
pose_1 0 0 0 
pose_1 3.64146 -12.9535 -13.2031 
pose_1 44.7853 11.6813 2.92044 
pose_1 63.734 -4.79432 -25.2342 
pose_1 62.2058 -7.24647 -11.3857 
pose_1 32.173 68.3736 12.319 
pose_1 37.9714 68.8207 -0.136105 

POSE_END

avgDiffs -62.5851
AVGDIFFS_END

floorLevels 1
FLOORLEVELS_END

