pose_0 17.0916 -31.4416 21.9065 
pose_0 19.594 -9.61057 5.91461 
pose_0 5.50189 -35.2291 -10.1705 
pose_0 -7.99216 2.92122 0.964738 
pose_0 19.1816 -37.1097 -17.5277 
pose_0 23.1989 -20.2106 2.87057 
pose_0 3.44484 -0.635021 -32.9593 
pose_0 -9.4472 12.526 -8.51446 
pose_0 -0.689395 -0.786916 5.43518 
pose_0 -1.84023 35.6819 17.3951 
pose_0 17.9495 -40.3471 -33.7942 
pose_0 -3.81099 3.5231 -5.00199 
pose_0 -8.62645 36.4646 5.39701 
pose_0 23.0404 69.2385 17.4951 
pose_0 0 0 0 
pose_0 0.631577 -16.5273 -12.3386 
pose_0 19.8392 -8.44513 7.16446 
pose_0 23.1466 -30.8863 -18.7884 
pose_0 17.6106 -37.4887 -5.00861 
pose_0 20.3507 -49.4073 -49.2535 
pose_0 26.1732 71.8747 22.6723 

pose_1 48.8679 -17.2449 7.00998 
pose_1 2.16919 -29.942 -16.4756 
pose_1 8.64612 -29.6987 -13.6734 
pose_1 11.6514 -8.06648 -1.56478 
pose_1 -4.00664 12.3051 16.4377 
pose_1 3.07745 -27.9942 -17.8349 
pose_1 5.22062 9.27625 -32.9785 
pose_1 -11.0097 11.0289 -8.40977 
pose_1 4.36305 -2.00393 6.62954 
pose_1 9.64639 33.1399 21.8271 
pose_1 44.154 -21.666 -44.7198 
pose_1 -5.93348 3.52036 -4.28443 
pose_1 -10.3076 35.0738 8.92777 
pose_1 47.112 -15.5311 -41.1147 
pose_1 0 0 0 
pose_1 3.12316 -13.4886 -12.4609 
pose_1 42.4672 -14.8762 3.85061 
pose_1 52.3012 -19.9799 -35.799 
pose_1 44.1763 -36.1365 -8.01913 
pose_1 50.4395 -32.6268 -51.1151 
pose_1 48.174 -28.9511 -48.9151 

POSE_END

avgDiffs -70.4062
AVGDIFFS_END

floorLevels 59
FLOORLEVELS_END

