pose_0 2.05442 -67.7992 -3.90462 
pose_0 1.22594 -46.1076 -4.02136 
pose_0 -3.1609 -44.1044 5.87031 
pose_0 -13.8856 -20.8 20.4242 
pose_0 -18.2522 -8.33527 6.22586 
pose_0 8.28794 -42.1415 -13.8285 
pose_0 21.8618 -20.4592 -22.33 
pose_0 1.83741 -4.31821 -27.5757 
pose_0 -1.58272 -1.12244 11.4691 
pose_0 -11.8151 38.4385 24.2252 
pose_0 26.6871 66.7417 32.1243 
pose_0 3.87265 1.12884 -10.7476 
pose_0 -11.6581 42.6752 5.8494 
pose_0 -3.46026 76.4867 28.4991 
pose_0 0 0 0 
pose_0 2.14634 -22.9255 -1.05822 
pose_0 -0.829519 -53.6908 -5.14611 
pose_0 -22.68 -2.5984 2.63838 
pose_0 -2.93808 -1.88133 -31.8394 
pose_0 17.714 78.2636 30.1803 
pose_0 -15.2697 76.3121 36.837 

pose_1 49.634 -6.57204 3.67532 
pose_1 -4.6417 -29.6935 -18.163 
pose_1 10.2884 -30.859 -15.0131 
pose_1 13.4261 -2.7845 -2.51996 
pose_1 51.4043 -12.3591 -21.3737 
pose_1 30.1182 3.38143 -5.71764 
pose_1 7.62523 9.55903 -31.2843 
pose_1 51.1306 -16.3556 -10.0331 
pose_1 3.51675 -2.28719 5.95022 
pose_1 5.59573 35.2696 20.2994 
pose_1 3.47786 56.5346 35.8863 
pose_1 -5.78772 3.93895 -4.73481 
pose_1 2.93789 32.2604 8.77818 
pose_1 53.0898 -6.09901 -25.5506 
pose_1 0 0 0 
pose_1 3.36644 -13.0205 -13.4687 
pose_1 45.4411 -13.8635 1.9551 
pose_1 55.8343 -21.2605 -23.7389 
pose_1 53.1196 -24.9081 -8.50978 
pose_1 37.0647 65.2158 6.07068 
pose_1 38.2968 63.0783 -0.965924 

POSE_END

avgDiffs -62.6046
AVGDIFFS_END

floorLevels 5
FLOORLEVELS_END

