pose_0 -3.23252 -65.9939 -8.0842 
pose_0 -2.64712 -45.0269 -7.81141 
pose_0 9.94777 -41.7172 -8.31605 
pose_0 30.3185 -27.2191 -3.51672 
pose_0 13.1011 -15.3468 4.80568 
pose_0 -13.8033 -42.1995 -8.43524 
pose_0 -32.6032 -26.4823 -4.58175 
pose_0 -17.062 -14.3081 -8.23523 
pose_0 10.3343 -1.84237 4.90206 
pose_0 -17.1201 39.6716 21.0055 
pose_0 -18.5063 75.6924 37.5116 
pose_0 -10.9214 0.682107 -4.18298 
pose_0 13.279 44.585 15.6264 
pose_0 23.4796 72.0035 35.289 
pose_0 0 0 0 
pose_0 -1.33973 -21.7136 -4.12083 
pose_0 -2.91146 -52.0929 -2.44016 
pose_0 8.21358 -16.681 7.93923 
pose_0 -13.2049 -13.8323 -8.84096 
pose_0 -14.2389 86.2366 24.0609 
pose_0 29.0507 84.389 19.1702 

pose_1 38.5634 -18.2777 3.47226 
pose_1 -4.14508 -33.0871 -16.9172 
pose_1 9.60415 -29.7717 -15.9479 
pose_1 7.65763 -7.11219 -4.24289 
pose_1 -5.1419 9.24275 16.1225 
pose_1 -6.25707 -31.3569 -12.9339 
pose_1 6.02202 9.52413 -31.7676 
pose_1 26.8665 6.38824 -23.1748 
pose_1 4.98757 -1.82768 6.05467 
pose_1 4.68124 36.3376 19.5613 
pose_1 30.3277 -16.8289 -58.5841 
pose_1 -5.84884 4.10226 -5.04798 
pose_1 -0.563152 33.0272 7.20198 
pose_1 32.7604 -18.5321 -55.3083 
pose_1 0 0 0 
pose_1 3.69059 -12.4877 -12.6708 
pose_1 32.4089 -12.2722 2.53686 
pose_1 -4.20466 13.4844 28.7391 
pose_1 38.6926 -33.1128 -11.5012 
pose_1 37.5777 -34.6256 -71.437 
pose_1 38.3995 -31.4011 -72.1547 

POSE_END

avgDiffs -72.8688
AVGDIFFS_END

floorLevels 3
FLOORLEVELS_END

