pose_0 6.49801 -67.1896 4.6599 
pose_0 4.42614 -46.0416 1.399 
pose_0 -7.5089 -41.7238 4.15233 
pose_0 -26.8954 -19.0375 -5.54609 
pose_0 -19.7521 -2.25455 -29.5746 
pose_0 12.7118 -42.8073 -4.45788 
pose_0 26.7835 -20.097 -3.51962 
pose_0 13.2553 -3.7973 -20.8958 
pose_0 -7.93784 -1.29304 4.74175 
pose_0 -8.45075 34.6946 32.8659 
pose_0 3.11228 67.716 47.399 
pose_0 8.22436 2.18801 -5.68737 
pose_0 -3.54111 41.813 15.9681 
pose_0 3.72789 69.2103 38.2607 
pose_0 0 0 0 
pose_0 1.56951 -23.0578 -0.807173 
pose_0 3.76345 -52.483 1.66378 
pose_0 -19.7036 -0.206554 -39.6772 
pose_0 8.44124 -0.160737 -26.1229 
pose_0 -7.79978 74.3953 48.2403 
pose_0 -5.73626 77.5011 39.5478 

pose_1 1.98706 -63.706 -16.8751 
pose_1 3.45757 -45.7664 -12.5106 
pose_1 -8.79863 -43.7769 -5.02983 
pose_1 -14.9446 -19.2072 10.4462 
pose_1 -17.1089 3.20644 17.1319 
pose_1 12.0948 -39.1634 -15.8332 
pose_1 21.6208 -14.6164 -17.7192 
pose_1 26.9094 8.2923 -20.6528 
pose_1 -4.18915 -1.50878 9.89479 
pose_1 -13.2689 38.9142 19.7702 
pose_1 13.9351 68.1094 18.7004 
pose_1 0.351856 1.38429 -9.87494 
pose_1 -16.6421 39.5619 -3.05812 
pose_1 12.0353 67.1036 7.13912 
pose_1 0 0 0 
pose_1 2.6175 -22.4317 -2.5915 
pose_1 1.5984 -51.479 -16.9041 
pose_1 -19.0917 13.5474 18.2543 
pose_1 30.9081 15.4544 -18.4962 
pose_1 -21.7973 72.242 35.5688 
pose_1 -21.2322 71.9042 36.0664 

POSE_END

avgDiffs -59.7139
AVGDIFFS_END

floorLevels 9
FLOORLEVELS_END

