pose_0 0.884448 -66.9742 -4.59565 
pose_0 0.00164025 -46.4828 -5.34684 
pose_0 12.2781 -42.0185 -2.47498 
pose_0 29.8962 -22.2614 0.580853 
pose_0 16.4569 -11.4097 7.59785 
pose_0 -12.5611 -43.8118 -3.76577 
pose_0 -28.5437 -23.5634 2.16907 
pose_0 -13.4389 -10.753 2.64691 
pose_0 11.9077 -0.632845 -0.0846867 
pose_0 -2.36701 40.4804 19.4672 
pose_0 -2.67068 73.7689 39.9741 
pose_0 -11.4207 -0.575403 1.86025 
pose_0 8.06829 41.7231 19.6071 
pose_0 2.35526 79.7229 34.6848 
pose_0 0 0 0 
pose_0 0.0137277 -22.8331 -2.05502 
pose_0 0.569438 -54.4099 -0.48746 
pose_0 7.06364 -12.5172 6.94378 
pose_0 -11.5387 -11.1201 7.32298 
pose_0 -3.49968 79.7214 38.764 
pose_0 -0.234146 80.488 42.9161 

pose_1 -3.59075 -64.3036 -12.2764 
pose_1 -7.06077 -42.6156 -13.3571 
pose_1 6.70406 -40.9048 -13.8851 
pose_1 25.8204 -25.204 -5.7904 
pose_1 17.9747 -8.67398 -8.18977 
pose_1 -16.9891 -39.2165 -12.5323 
pose_1 -25.5262 -16.6335 -7.51383 
pose_1 -18.1431 -8.32762 0.529715 
pose_1 7.89867 -0.374424 -0.642158 
pose_1 4.03283 46.0585 8.96427 
pose_1 1.70988 81.5055 25.4299 
pose_1 -8.47297 0.261835 1.85692 
pose_1 -6.5505 44.9204 17.6131 
pose_1 -3.61579 82.4244 27.9503 
pose_1 0 0 0 
pose_1 -0.721235 -19.6815 -7.20263 
pose_1 -5.53599 -50.9364 -14.1161 
pose_1 10.0718 -14.091 -6.43874 
pose_1 -17.7204 -8.69135 5.50593 
pose_1 5.88669 82.1798 39.1069 
pose_1 1.17555 81.9822 40.6956 

POSE_END

avgDiffs -73.8323
AVGDIFFS_END

floorLevels 2
FLOORLEVELS_END

