pose_0 4.05446 -66.3289 -5.07905 
pose_0 0.753844 -46.613 -6.71728 
pose_0 12.3865 -42.013 -3.50504 
pose_0 29.5651 -22.1093 0.00119928 
pose_0 15.3572 -11.52 6.19197 
pose_0 -11.9755 -44.0268 -5.55779 
pose_0 -28.412 -24.0427 0.261203 
pose_0 -15.261 -11.759 5.25137 
pose_0 11.8042 -0.656754 0.227493 
pose_0 -2.20433 41.0169 21.3118 
pose_0 -2.05951 73.0809 43.0398 
pose_0 -11.4524 -0.747433 2.23348 
pose_0 8.75549 42.0126 19.9766 
pose_0 6.97114 71.8778 42.1457 
pose_0 0 0 0 
pose_0 -0.191342 -22.9639 -3.46256 
pose_0 1.49596 -54.9209 -2.8206 
pose_0 6.83498 -13.298 5.59805 
pose_0 -10.8845 -11.9059 7.37851 
pose_0 -1.09844 79.64 39.5589 
pose_0 1.62739 80.0491 42.5029 

pose_1 45.1579 -19.0144 -5.97866 
pose_1 30.3359 -18.7443 6.85143 
pose_1 8.51557 -30.9327 -13.5136 
pose_1 9.62231 -7.1466 -2.886 
pose_1 -7.86977 8.88275 16.1986 
pose_1 1.86071 -29.7476 -17.3165 
pose_1 6.40169 10.0666 -32.4187 
pose_1 -9.59681 10.1604 -6.25639 
pose_1 -0.850578 -1.74696 6.78386 
pose_1 8.08638 36.9516 18.6812 
pose_1 33.1399 63.0797 19.532 
pose_1 -5.13235 2.99144 -4.346 
pose_1 -4.24729 36.4359 6.15249 
pose_1 34.8535 -27.676 -55.5746 
pose_1 0 0 0 
pose_1 2.96755 -13.1721 -11.9352 
pose_1 33.3127 -22.8052 11.5935 
pose_1 41.9928 -27.8239 -36.8251 
pose_1 37.7963 -34.5652 -15.6843 
pose_1 36.4811 -38.8133 -62.1497 
pose_1 36.6077 -34.4365 -67.9921 

POSE_END

avgDiffs -73.8124
AVGDIFFS_END

floorLevels 0
FLOORLEVELS_END

