pose_0 4.01499 -66.5835 -7.04247 
pose_0 1.8389 -46.9663 -7.97257 
pose_0 14.5589 -43.6377 -8.0537 
pose_0 29.1527 -20.3609 -9.37899 
pose_0 15.4287 -9.15015 -8.33939 
pose_0 -10.7916 -44.7676 -4.95197 
pose_0 -28.3101 -28.9475 6.48029 
pose_0 -12.5863 -12.4528 6.39543 
pose_0 10.0172 0.622427 -4.84369 
pose_0 31.1231 26.502 15.464 
pose_0 6.33758 47.5607 -0.521541 
pose_0 -9.73793 -1.50252 5.25512 
pose_0 -2.76318 37.7619 28.2039 
pose_0 -3.73587 65.5081 30.9873 
pose_0 0 0 0 
pose_0 0.9984 -21.5197 -4.34582 
pose_0 3.22619 -54.6083 -4.08959 
pose_0 11.292 -6.9898 -9.98647 
pose_0 -9.86887 -13.5101 11.4983 
pose_0 5.87155 61.1922 15.3868 
pose_0 -1.48058 70.5514 37.4533 

pose_1 -4.05487 -63.7509 -15.8371 
pose_1 -8.20205 -41.0933 -18.4112 
pose_1 7.67311 -38.542 -20.1314 
pose_1 27.274 -22.2514 -14.8323 
pose_1 15.3517 -10.3044 -8.22052 
pose_1 -18.7914 -36.7787 -13.4478 
pose_1 -30.4996 -18.7576 -3.01448 
pose_1 -15.2029 -10.8664 2.52777 
pose_1 10.29 -0.15235 -2.66868 
pose_1 17.5567 40.5797 16.0417 
pose_1 -1.85133 61.7105 22.7945 
pose_1 -10.6325 -0.772987 3.36919 
pose_1 0.23131 40.721 22.7465 
pose_1 -5.98182 74.3002 30.8153 
pose_1 0 0 0 
pose_1 -2.87876 -18.6907 -9.99146 
pose_1 -4.29938 -50.5121 -18.1012 
pose_1 6.40335 -17.2873 -4.41814 
pose_1 -18.7404 -8.29278 12.3632 
pose_1 1.13104 74.2483 29.8349 
pose_1 2.74994 72.8851 38.9557 

POSE_END

avgDiffs -74.347
AVGDIFFS_END

floorLevels 7
FLOORLEVELS_END

