pose_0 0.887183 -66.3262 -5.95518 
pose_0 0.25879 -46.28 -6.15716 
pose_0 12.6533 -41.8906 -3.19596 
pose_0 29.8457 -22.3621 1.86861 
pose_0 16.2595 -11.5904 8.71533 
pose_0 -12.3539 -43.9696 -4.19566 
pose_0 -28.8465 -23.8089 3.53631 
pose_0 -12.9129 -10.4481 2.27056 
pose_0 12.1048 -0.86237 0.429417 
pose_0 -1.45126 39.6091 21.1605 
pose_0 -1.63186 72.7826 41.3441 
pose_0 -11.7007 -0.634328 1.49833 
pose_0 8.75121 40.9596 21.4731 
pose_0 0.96125 79.078 35.887 
pose_0 0 0 0 
pose_0 0.00807495 -22.928 -2.69516 
pose_0 1.0403 -54.0535 -1.17355 
pose_0 3.9412 -13.3404 8.04576 
pose_0 -10.979 -11.1082 7.23563 
pose_0 -0.756774 78.7599 41.1876 
pose_0 -1.38612 79.1659 44.8149 

pose_1 -3.99952 -64.6267 -14.0732 
pose_1 -6.70888 -43.065 -14.9117 
pose_1 5.74526 -41.2603 -14.2972 
pose_1 25.7646 -24.8907 -7.07122 
pose_1 18.325 -7.56094 -9.29222 
pose_1 -16.8688 -38.8246 -14.2099 
pose_1 -27.331 -19.9601 -7.61286 
pose_1 -17.7909 -7.86447 -2.68341 
pose_1 7.82811 -0.165339 -0.186105 
pose_1 4.4035 46.2731 10.3564 
pose_1 2.11344 81.2199 24.9368 
pose_1 -8.32985 0.588422 0.826279 
pose_1 -6.49549 45.0075 18.1251 
pose_1 -3.1799 83.1173 25.8671 
pose_1 0 0 0 
pose_1 -1.0559 -19.4111 -7.94209 
pose_1 -5.25666 -51.3566 -15.2398 
pose_1 10.4905 -13.4903 -7.92278 
pose_1 -17.3845 -8.3395 2.2919 
pose_1 6.04008 83.1362 37.3711 
pose_1 1.57689 83.1359 37.6085 

POSE_END

avgDiffs -72.884
AVGDIFFS_END

floorLevels 0
FLOORLEVELS_END

