pose_0 5.80248 -60.7534 7.05926 
pose_0 0.801647 -46.0852 -0.346964 
pose_0 10.1003 -41.0925 4.19376 
pose_0 27.5944 -22.1544 12.7101 
pose_0 8.98185 -19.0935 25.6821 
pose_0 -9.61775 -42.7729 -8.18956 
pose_0 -27.399 -19.1791 -16.894 
pose_0 -15.6769 -3.66931 -13.7329 
pose_0 7.84731 -2.48674 8.67903 
pose_0 6.42393 39.4074 29.1931 
pose_0 21.9981 74.7274 26.5462 
pose_0 -8.38932 1.37344 -7.69093 
pose_0 -35.7065 27.8243 8.58459 
pose_0 20.8948 74.6676 23.2636 
pose_0 0 0 0 
pose_0 -0.462805 -22.3128 -3.31893 
pose_0 0.0442832 -51.2113 5.62738 
pose_0 -2.67425 -20.6547 27.6717 
pose_0 -13.0715 0.767454 -12.2038 
pose_0 10.802 77.9802 32.3906 
pose_0 11.6239 79.3495 24.7054 

pose_1 -0.521207 -58.972 -15.1336 
pose_1 -3.62402 -42.9481 -10.4712 
pose_1 -10.6114 -37.7362 -15.9201 
pose_1 24.1547 -23.358 4.51689 
pose_1 -13.7632 -1.08515 -13.5734 
pose_1 -5.85589 -38.2224 -6.03034 
pose_1 -24.4276 -12.0351 -16.7725 
pose_1 -12.4058 -4.37761 -18.8498 
pose_1 6.7598 -2.09722 6.74141 
pose_1 1.03457 39.4683 23.5755 
pose_1 8.72069 72.8339 28.1373 
pose_1 -7.91858 0.686827 -4.06741 
pose_1 -31.1427 29.9425 1.76622 
pose_1 -32.4548 59.3814 18.0148 
pose_1 0 0 0 
pose_1 -2.2196 -20.214 -4.11823 
pose_1 -1.64197 -48.2246 -8.80247 
pose_1 -12.8262 3.23146 -10.7999 
pose_1 -14.3202 2.13667 -18.4953 
pose_1 3.88358 74.028 39.7534 
pose_1 -44.589 62.2241 25.8207 

POSE_END

avgDiffs -72.9089
AVGDIFFS_END

floorLevels 3
FLOORLEVELS_END

