pose_0 -2.03797 -65.2297 13.4202 
pose_0 -2.29016 -46.4467 -1.32404 
pose_0 8.63846 -41.1912 3.9504 
pose_0 25.4688 -24.8047 10.9961 
pose_0 6.95424 -13.5481 14.0763 
pose_0 -13.3436 -43.0772 -8.23969 
pose_0 -28.8575 -19.4406 -14.8321 
pose_0 -17.7 -6.42214 -10.5048 
pose_0 8.03497 -2.48672 7.8794 
pose_0 8.83823 39.6345 26.9347 
pose_0 -19.3764 63.1657 26.7187 
pose_0 -7.7685 1.68894 -7.04279 
pose_0 -31.0419 29.5317 21.5318 
pose_0 23.5903 73.3513 30.6167 
pose_0 0 0 0 
pose_0 -0.870324 -22.9971 -3.7254 
pose_0 -4.33861 -52.3848 4.23326 
pose_0 2.00228 -14.4795 18.6333 
pose_0 -13.9067 -3.79618 -9.27072 
pose_0 -29.2596 64.9061 32.3198 
pose_0 21.77 81.6126 24.2765 

pose_1 48.1296 -11.5048 14.6407 
pose_1 -5.02461 -30.1151 -17.1245 
pose_1 10.3215 -31.6219 -14.6026 
pose_1 8.15204 -7.30246 -4.35251 
pose_1 46.4751 7.14237 -26.4961 
pose_1 3.34449 -29.7789 -17.5815 
pose_1 5.79748 14.2632 -29.873 
pose_1 -9.434 11.6174 -11.1211 
pose_1 4.2155 -3.78315 5.85106 
pose_1 6.42668 36.0292 18.3247 
pose_1 45.6167 -0.40873 -35.8877 
pose_1 -4.81208 3.83755 -4.93325 
pose_1 4.04357 33.1839 6.21095 
pose_1 49.5461 1.41262 -43.0064 
pose_1 0 0 0 
pose_1 3.60676 -13.2758 -12.7874 
pose_1 39.2463 -7.01807 12.7056 
pose_1 50.7313 -13.2853 -27.1069 
pose_1 43.5607 -24.7092 -11.3807 
pose_1 40.5635 62.3954 2.6854 
pose_1 36.6706 65.5527 -2.94908 

POSE_END

avgDiffs -66.5195
AVGDIFFS_END

floorLevels 0
FLOORLEVELS_END

