pose_0 1.85281 -64.9078 -8.9515 
pose_0 -1.39601 -45.8616 -8.08473 
pose_0 12.2611 -43.4506 -8.01314 
pose_0 29.7084 -24.107 -4.08957 
pose_0 18.5846 -10.5035 6.33824 
pose_0 -13.0276 -43.5789 -8.06745 
pose_0 -30.3514 -25.615 -0.0925271 
pose_0 -15.5888 -8.76404 -1.08696 
pose_0 12.1667 -1.28699 0.826348 
pose_0 -0.598365 34.9554 31.3362 
pose_0 1.30771 65.4775 50.2919 
pose_0 -12.0281 0.0813954 0.76826 
pose_0 8.96708 38.6128 25.6552 
pose_0 22.8566 52.0493 51.7004 
pose_0 0 0 0 
pose_0 -0.281349 -21.42 -6.23383 
pose_0 -0.164973 -53.4865 -3.62796 
pose_0 15.3346 -10.6476 10.5447 
pose_0 -11.109 -8.75463 0.924189 
pose_0 19.4899 64.6017 54.3304 
pose_0 -2.01168 74.63 46.6111 

pose_1 1.9616 -64.631 -10.0272 
pose_1 -4.25295 -43.0997 -12.4005 
pose_1 10.5449 -39.5525 -13.2738 
pose_1 27.1195 -21.5385 -3.37386 
pose_1 14.7879 -10.9859 8.33441 
pose_1 -16.2662 -40.3947 -8.42253 
pose_1 -30.5856 -20.2638 1.50497 
pose_1 -21.956 -7.27412 10.1616 
pose_1 10.6398 -0.611234 -0.707603 
pose_1 8.3981 41.1673 18.8908 
pose_1 13.4638 76.7771 29.9495 
pose_1 -11.8918 -0.569306 1.79154 
pose_1 -4.6455 40.2414 25.8812 
pose_1 -6.87961 76.9764 31.5486 
pose_1 0 0 0 
pose_1 -1.95465 -19.9568 -9.54918 
pose_1 -3.01375 -50.0395 -7.80811 
pose_1 6.58226 -18.0347 12.2975 
pose_1 -20.6025 -7.96715 18.3612 
pose_1 13.4153 77.1756 41.8894 
pose_1 -4.63274 77.3828 44.4147 

POSE_END

avgDiffs -71.8914
AVGDIFFS_END

floorLevels 1
FLOORLEVELS_END

