pose_0 3.51429 -66.7477 -2.39063 
pose_0 0.539052 -46.1627 -4.28266 
pose_0 -6.66811 -43.4547 0.118296 
pose_0 -25.1217 -21.935 10.7666 
pose_0 -24.7305 -10.8825 -5.43951 
pose_0 8.62511 -42.5136 -11.0978 
pose_0 26.4181 -21.4374 -10.8612 
pose_0 5.12803 -4.97391 -16.8517 
pose_0 -0.801417 -1.86514 10.5562 
pose_0 -8.17187 36.2292 30.5488 
pose_0 19.2991 67.7809 30.9832 
pose_0 4.5612 1.71502 -8.16277 
pose_0 -10.2552 41.1006 12.2672 
pose_0 -1.16586 75.4686 31.9973 
pose_0 0 0 0 
pose_0 1.17261 -23.5991 -1.20076 
pose_0 -1.3004 -53.1172 -3.57855 
pose_0 -24.2046 -2.23393 -9.43646 
pose_0 1.94931 -3.70434 -21.1407 
pose_0 8.35837 75.8455 38.0041 
pose_0 -12.4931 75.5203 40.5254 

pose_1 50.4129 -7.50485 0.988441 
pose_1 -4.89519 -30.56 -18.4637 
pose_1 7.86169 -29.6921 -17.0864 
pose_1 10.8337 -3.08088 -1.93167 
pose_1 48.6826 -9.12714 -23.9817 
pose_1 31.362 3.13562 -5.65997 
pose_1 8.59733 9.93097 -31.0426 
pose_1 48.94 -12.4587 -13.2943 
pose_1 3.9605 -2.40366 5.83464 
pose_1 6.3372 35.1002 20.2256 
pose_1 3.07787 52.5388 38.6217 
pose_1 -5.09088 3.67969 -4.6092 
pose_1 4.05589 32.2719 7.93345 
pose_1 50.4848 20.6927 -20.6867 
pose_1 0 0 0 
pose_1 3.53062 -13.1071 -13.3924 
pose_1 48.9621 -8.75202 4.73678 
pose_1 59.4628 -17.4359 -27.9918 
pose_1 47.9957 -9.43438 -18.6019 
pose_1 38.0592 62.1189 2.52313 
pose_1 39.5439 60.9782 -5.48875 

POSE_END

avgDiffs -61.6372
AVGDIFFS_END

floorLevels 3
FLOORLEVELS_END

