pose_0 1.18028 -66.6108 -5.30544 
pose_0 0.179653 -46.3735 -5.85833 
pose_0 12.5199 -41.7924 -3.18452 
pose_0 29.9462 -22.1243 0.0359761 
pose_0 16.236 -10.918 6.31282 
pose_0 -12.2533 -43.6409 -4.22941 
pose_0 -28.4865 -23.4012 2.11897 
pose_0 -13.1822 -10.4364 2.39753 
pose_0 11.9641 -0.657534 -0.203435 
pose_0 -2.25115 40.2301 20.0248 
pose_0 -2.14741 76.9442 36.2681 
pose_0 -11.4815 -0.590146 1.83594 
pose_0 8.02427 41.4487 20.3959 
pose_0 2.37315 79.6588 35.1003 
pose_0 0 0 0 
pose_0 0.0664356 -22.8072 -2.40439 
pose_0 0.759882 -54.2548 -0.987883 
pose_0 7.06587 -12.5809 6.07258 
pose_0 -11.2533 -11.0033 7.37534 
pose_0 -3.56177 79.7535 38.6378 
pose_0 0.00309699 80.4813 43.1695 

pose_1 -3.84098 -64.7437 -12.2093 
pose_1 -6.96288 -42.9188 -12.7648 
pose_1 6.78603 -41.1684 -13.5402 
pose_1 26.0737 -25.1738 -7.14109 
pose_1 18.0972 -8.93014 -9.09316 
pose_1 -16.8979 -39.3388 -12.2221 
pose_1 -25.5907 -16.729 -8.02101 
pose_1 -18.1751 -8.38044 0.273908 
pose_1 7.97369 -0.416261 -0.845283 
pose_1 4.38077 45.9908 9.80476 
pose_1 3.22417 81.8374 24.4294 
pose_1 -8.41013 0.25357 1.82021 
pose_1 -6.76178 45.018 17.7117 
pose_1 -3.60816 82.6239 27.6597 
pose_1 0 0 0 
pose_1 -0.78704 -19.6164 -7.10181 
pose_1 -5.7177 -51.0694 -13.4645 
pose_1 10.1269 -14.2603 -6.36188 
pose_1 -17.7932 -8.79888 5.32418 
pose_1 5.99818 82.208 39.247 
pose_1 1.17496 82.0638 40.7739 

POSE_END

avgDiffs -73.823
AVGDIFFS_END

floorLevels 3
FLOORLEVELS_END

