-7.4175 -61.2454 21.5079 
-4.78488 -40.7175 13.6861 
-7.18756 -38.5745 -1.35482 
-16.9564 -21.9476 -27.8371 
-33.1993 -3.11864 -25.0122 
2.94018 -38.2057 23.3034 
12.3113 -54.422 38.0201 
24.1209 -67.3281 43.7302 
-3.99659 0.895025 -9.06757 
-3.13312 46.7971 1.9931 
-15.1714 74.9659 18.6531 
6.37689 -0.0700772 9.44956 
19.2548 40.064 19.4708 
24.6543 73.2739 33.8926 
0 0 0 
-4.34216 -18.9989 3.77998 
-3.77321 -47.8776 14.909 
-41.6672 -1.18086 -13.0511 
28.0155 -73.8523 44.1989 
-18.6786 79.6518 12.0914 
31.3252 79.581 27.6167 
