-3.95492 -62.2192 2.72849 
7.16472 -44.1017 2.03532 
-4.47627 -40.4507 -4.08792 
-30.6649 -31.2499 -9.84935 
-56.9291 -38.8507 13.6833 
19.566 -42.5058 7.05553 
33.6314 -57.7642 5.69953 
41.1857 -72.8561 11.5206 
-9.7142 -1.18556 -4.84196 
-18.5379 8.44063 -29.452 
-56.2294 61.2332 19.2809 
9.70838 0.889803 3.8141 
-5.51408 43.1857 5.43193 
-30.8331 69.0208 15.2274 
0 0 0 
7.32026 -20.3224 1.86601 
4.1755 -51.4107 -1.39033 
-67.7909 -38.1734 8.98982 
45.0574 -79.3318 13.4921 
-31.2853 77.0704 14.3315 
-29.1174 77.5011 22.6085 
