-11.6628 -63.598 -17.185 
-12.038 -42.4573 -13.2137 
-24.3949 -36.602 -9.03475 
-50.1327 -29.9689 -17.5204 
-61.3467 -31.9389 -32.5017 
0.942438 -40.3009 -17.9498 
25.5354 -25.7935 -23.8463 
17.2887 -0.0815007 -32.2232 
-9.89392 -0.432043 6.05436 
-26.85 35.5834 0.813836 
-21.2934 73.4509 21.7768 
9.65622 0.862183 -7.46587 
11.9128 45.4644 1.68107 
36.0619 68.7952 25.2213 
0 0 0 
-4.89711 -21.5333 -3.51219 
-15.1589 -47.1742 -19.7142 
-64.7203 -31.7161 -40.9109 
18.175 7.89546 -34.0108 
-27.0163 79.5811 14.1929 
35.7198 75.9443 19.3418 
